0.000000e+00	0.000000e+00	0.000000e+00	0.000000e+00	0.000000e+00	
1.000000e-01	0.000000e+00	0.000000e+00	0.000000e+00	0.000000e+00	
2.000000e-01	0.000000e+00	0.000000e+00	0.000000e+00	0.000000e+00	
3.000000e-01	0.000000e+00	0.000000e+00	0.000000e+00	0.000000e+00	
4.000000e-01	0.000000e+00	0.000000e+00	0.000000e+00	0.000000e+00	
5.000000e-01	0.000000e+00	0.000000e+00	0.000000e+00	0.000000e+00	
6.000000e-01	0.000000e+00	0.000000e+00	0.000000e+00	0.000000e+00	
7.000000e-01	0.000000e+00	0.000000e+00	0.000000e+00	0.000000e+00	
8.000000e-01	0.000000e+00	0.000000e+00	0.000000e+00	0.000000e+00	
9.000000e-01	0.000000e+00	0.000000e+00	0.000000e+00	0.000000e+00	
1.000000e+00	0.000000e+00	0.000000e+00	0.000000e+00	0.000000e+00	
1.100000e+00	0.000000e+00	0.000000e+00	0.000000e+00	0.000000e+00	
1.200000e+00	0.000000e+00	0.000000e+00	0.000000e+00	0.000000e+00	
1.300000e+00	0.000000e+00	0.000000e+00	0.000000e+00	0.000000e+00	
1.400000e+00	0.000000e+00	0.000000e+00	0.000000e+00	0.000000e+00	
1.500000e+00	0.000000e+00	0.000000e+00	0.000000e+00	0.000000e+00	
1.600000e+00	0.000000e+00	0.000000e+00	0.000000e+00	0.000000e+00	
1.700000e+00	0.000000e+00	0.000000e+00	0.000000e+00	0.000000e+00	
1.800000e+00	0.000000e+00	0.000000e+00	0.000000e+00	0.000000e+00	
1.900000e+00	0.000000e+00	0.000000e+00	0.000000e+00	0.000000e+00	
2.000000e+00	0.000000e+00	0.000000e+00	0.000000e+00	0.000000e+00	
2.100000e+00	0.000000e+00	0.000000e+00	0.000000e+00	0.000000e+00	
2.200000e+00	0.000000e+00	0.000000e+00	0.000000e+00	0.000000e+00	
2.300000e+00	0.000000e+00	0.000000e+00	0.000000e+00	0.000000e+00	
2.400000e+00	0.000000e+00	0.000000e+00	0.000000e+00	0.000000e+00	
2.500000e+00	0.000000e+00	0.000000e+00	0.000000e+00	0.000000e+00	
2.600000e+00	0.000000e+00	0.000000e+00	0.000000e+00	0.000000e+00	
2.700000e+00	0.000000e+00	0.000000e+00	0.000000e+00	0.000000e+00	
2.800000e+00	0.000000e+00	0.000000e+00	0.000000e+00	0.000000e+00	
2.900000e+00	0.000000e+00	0.000000e+00	0.000000e+00	0.000000e+00	
3.000000e+00	0.000000e+00	0.000000e+00	0.000000e+00	0.000000e+00	
3.100000e+00	0.000000e+00	0.000000e+00	0.000000e+00	0.000000e+00	
3.200000e+00	0.000000e+00	0.000000e+00	0.000000e+00	0.000000e+00	
3.300000e+00	0.000000e+00	0.000000e+00	0.000000e+00	0.000000e+00	
3.400000e+00	8.738995e+01	0.000000e+00	0.000000e+00	8.738995e+01	
3.500000e+00	0.000000e+00	0.000000e+00	0.000000e+00	0.000000e+00	
3.600000e+00	0.000000e+00	0.000000e+00	0.000000e+00	0.000000e+00	
3.700000e+00	0.000000e+00	0.000000e+00	0.000000e+00	0.000000e+00	
3.800000e+00	0.000000e+00	0.000000e+00	0.000000e+00	0.000000e+00	
3.900000e+00	0.000000e+00	0.000000e+00	0.000000e+00	0.000000e+00	
4.000000e+00	0.000000e+00	0.000000e+00	0.000000e+00	0.000000e+00	
4.100000e+00	0.000000e+00	0.000000e+00	0.000000e+00	0.000000e+00	
4.200000e+00	0.000000e+00	0.000000e+00	0.000000e+00	0.000000e+00	
4.300000e+00	6.237315e+01	0.000000e+00	0.000000e+00	6.237315e+01	
4.400000e+00	0.000000e+00	0.000000e+00	0.000000e+00	0.000000e+00	
4.500000e+00	0.000000e+00	0.000000e+00	0.000000e+00	0.000000e+00	
4.600000e+00	0.000000e+00	0.000000e+00	0.000000e+00	0.000000e+00	
4.700000e+00	0.000000e+00	0.000000e+00	0.000000e+00	0.000000e+00	
4.800000e+00	0.000000e+00	0.000000e+00	0.000000e+00	0.000000e+00	
4.900000e+00	0.000000e+00	0.000000e+00	0.000000e+00	0.000000e+00	
5.000000e+00	0.000000e+00	0.000000e+00	0.000000e+00	0.000000e+00	
5.100000e+00	0.000000e+00	0.000000e+00	0.000000e+00	0.000000e+00	
5.200000e+00	0.000000e+00	0.000000e+00	0.000000e+00	0.000000e+00	
5.300000e+00	0.000000e+00	0.000000e+00	0.000000e+00	0.000000e+00	
5.400000e+00	0.000000e+00	0.000000e+00	0.000000e+00	0.000000e+00	
5.500000e+00	0.000000e+00	0.000000e+00	0.000000e+00	0.000000e+00	
5.600000e+00	0.000000e+00	0.000000e+00	0.000000e+00	0.000000e+00	
5.700000e+00	0.000000e+00	0.000000e+00	0.000000e+00	0.000000e+00	
5.800000e+00	0.000000e+00	0.000000e+00	0.000000e+00	0.000000e+00	
5.900000e+00	0.000000e+00	0.000000e+00	0.000000e+00	0.000000e+00	
6.000000e+00	0.000000e+00	0.000000e+00	0.000000e+00	0.000000e+00	
6.100000e+00	0.000000e+00	0.000000e+00	0.000000e+00	0.000000e+00	
6.200000e+00	0.000000e+00	0.000000e+00	0.000000e+00	0.000000e+00	
6.300000e+00	0.000000e+00	0.000000e+00	0.000000e+00	0.000000e+00	
6.400000e+00	0.000000e+00	0.000000e+00	0.000000e+00	0.000000e+00	
6.500000e+00	0.000000e+00	0.000000e+00	0.000000e+00	0.000000e+00	
6.600000e+00	0.000000e+00	0.000000e+00	0.000000e+00	0.000000e+00	
6.700000e+00	0.000000e+00	0.000000e+00	0.000000e+00	0.000000e+00	
6.800000e+00	0.000000e+00	0.000000e+00	0.000000e+00	0.000000e+00	
6.900000e+00	0.000000e+00	0.000000e+00	0.000000e+00	0.000000e+00	
7.000000e+00	0.000000e+00	0.000000e+00	0.000000e+00	0.000000e+00	
7.100000e+00	0.000000e+00	0.000000e+00	0.000000e+00	0.000000e+00	
7.200000e+00	0.000000e+00	0.000000e+00	0.000000e+00	0.000000e+00	
7.300000e+00	0.000000e+00	0.000000e+00	0.000000e+00	0.000000e+00	
7.400000e+00	0.000000e+00	0.000000e+00	0.000000e+00	0.000000e+00	
7.500000e+00	0.000000e+00	0.000000e+00	0.000000e+00	0.000000e+00	
7.600000e+00	0.000000e+00	0.000000e+00	0.000000e+00	0.000000e+00	
7.700000e+00	0.000000e+00	0.000000e+00	0.000000e+00	0.000000e+00	
7.800000e+00	0.000000e+00	0.000000e+00	0.000000e+00	0.000000e+00	
7.900000e+00	0.000000e+00	0.000000e+00	0.000000e+00	0.000000e+00	
8.000000e+00	0.000000e+00	0.000000e+00	0.000000e+00	0.000000e+00	
8.100000e+00	0.000000e+00	0.000000e+00	0.000000e+00	0.000000e+00	
8.200000e+00	0.000000e+00	0.000000e+00	0.000000e+00	0.000000e+00	
8.300000e+00	0.000000e+00	0.000000e+00	0.000000e+00	0.000000e+00	
8.400001e+00	0.000000e+00	0.000000e+00	0.000000e+00	0.000000e+00	
8.500000e+00	0.000000e+00	0.000000e+00	0.000000e+00	0.000000e+00	
8.600000e+00	0.000000e+00	0.000000e+00	0.000000e+00	0.000000e+00	
8.700000e+00	2.016756e+01	0.000000e+00	0.000000e+00	2.016756e+01	
8.800000e+00	1.977786e+01	0.000000e+00	0.000000e+00	1.977786e+01	
8.900001e+00	0.000000e+00	0.000000e+00	0.000000e+00	0.000000e+00	
9.000000e+00	0.000000e+00	0.000000e+00	0.000000e+00	0.000000e+00	
9.100000e+00	1.867420e+01	0.000000e+00	0.000000e+00	1.867420e+01	
9.200000e+00	1.832678e+01	0.000000e+00	0.000000e+00	1.832678e+01	
9.300000e+00	0.000000e+00	0.000000e+00	0.000000e+00	0.000000e+00	
9.400001e+00	0.000000e+00	0.000000e+00	0.000000e+00	0.000000e+00	
9.500000e+00	0.000000e+00	0.000000e+00	0.000000e+00	0.000000e+00	
9.600000e+00	0.000000e+00	0.000000e+00	0.000000e+00	0.000000e+00	
9.700000e+00	0.000000e+00	0.000000e+00	0.000000e+00	0.000000e+00	
9.800000e+00	0.000000e+00	0.000000e+00	0.000000e+00	0.000000e+00	
9.900001e+00	0.000000e+00	0.000000e+00	0.000000e+00	0.000000e+00	
1.000000e+01	0.000000e+00	0.000000e+00	0.000000e+00	0.000000e+00	
1.010000e+01	0.000000e+00	0.000000e+00	0.000000e+00	0.000000e+00	
1.020000e+01	0.000000e+00	0.000000e+00	0.000000e+00	0.000000e+00	
1.030000e+01	0.000000e+00	0.000000e+00	0.000000e+00	0.000000e+00	
1.040000e+01	1.481698e+01	0.000000e+00	0.000000e+00	1.481698e+01	
1.050000e+01	0.000000e+00	0.000000e+00	0.000000e+00	0.000000e+00	
1.060000e+01	0.000000e+00	0.000000e+00	0.000000e+00	0.000000e+00	
1.070000e+01	0.000000e+00	0.000000e+00	0.000000e+00	0.000000e+00	
1.080000e+01	0.000000e+00	0.000000e+00	0.000000e+00	0.000000e+00	
1.090000e+01	0.000000e+00	0.000000e+00	0.000000e+00	0.000000e+00	
1.100000e+01	0.000000e+00	0.000000e+00	0.000000e+00	0.000000e+00	
1.110000e+01	0.000000e+00	0.000000e+00	0.000000e+00	0.000000e+00	
1.120000e+01	0.000000e+00	0.000000e+00	0.000000e+00	0.000000e+00	
1.130000e+01	0.000000e+00	0.000000e+00	0.000000e+00	0.000000e+00	
1.140000e+01	0.000000e+00	0.000000e+00	0.000000e+00	0.000000e+00	
1.150000e+01	0.000000e+00	0.000000e+00	0.000000e+00	0.000000e+00	
1.160000e+01	0.000000e+00	0.000000e+00	0.000000e+00	0.000000e+00	
1.170000e+01	0.000000e+00	0.000000e+00	0.000000e+00	0.000000e+00	
1.180000e+01	0.000000e+00	0.000000e+00	0.000000e+00	0.000000e+00	
1.190000e+01	0.000000e+00	0.000000e+00	0.000000e+00	0.000000e+00	
1.200000e+01	0.000000e+00	0.000000e+00	0.000000e+00	0.000000e+00	
1.210000e+01	0.000000e+00	0.000000e+00	0.000000e+00	0.000000e+00	
1.220000e+01	0.000000e+00	0.000000e+00	0.000000e+00	0.000000e+00	
1.230000e+01	0.000000e+00	0.000000e+00	0.000000e+00	0.000000e+00	
1.240000e+01	0.000000e+00	0.000000e+00	0.000000e+00	0.000000e+00	
1.250000e+01	0.000000e+00	0.000000e+00	0.000000e+00	0.000000e+00	
1.260000e+01	0.000000e+00	0.000000e+00	0.000000e+00	0.000000e+00	
1.270000e+01	0.000000e+00	0.000000e+00	0.000000e+00	0.000000e+00	
1.280000e+01	0.000000e+00	0.000000e+00	0.000000e+00	0.000000e+00	
1.290000e+01	0.000000e+00	0.000000e+00	0.000000e+00	0.000000e+00	
1.300000e+01	0.000000e+00	0.000000e+00	0.000000e+00	0.000000e+00	
1.310000e+01	0.000000e+00	0.000000e+00	0.000000e+00	0.000000e+00	
1.320000e+01	0.000000e+00	0.000000e+00	0.000000e+00	0.000000e+00	
1.330000e+01	0.000000e+00	0.000000e+00	0.000000e+00	0.000000e+00	
1.340000e+01	0.000000e+00	0.000000e+00	0.000000e+00	0.000000e+00	
1.350000e+01	0.000000e+00	0.000000e+00	0.000000e+00	0.000000e+00	
1.360000e+01	0.000000e+00	0.000000e+00	0.000000e+00	0.000000e+00	
1.370000e+01	0.000000e+00	0.000000e+00	0.000000e+00	0.000000e+00	
1.380000e+01	0.000000e+00	0.000000e+00	0.000000e+00	0.000000e+00	
1.390000e+01	8.847330e+00	0.000000e+00	0.000000e+00	8.847330e+00	
1.400000e+01	0.000000e+00	0.000000e+00	0.000000e+00	0.000000e+00	
1.410000e+01	0.000000e+00	0.000000e+00	0.000000e+00	0.000000e+00	
1.420000e+01	0.000000e+00	0.000000e+00	0.000000e+00	0.000000e+00	
1.430000e+01	8.405035e+00	0.000000e+00	0.000000e+00	8.405035e+00	
1.440000e+01	0.000000e+00	0.000000e+00	0.000000e+00	0.000000e+00	
1.450000e+01	0.000000e+00	0.000000e+00	0.000000e+00	0.000000e+00	
1.460000e+01	8.094722e+00	0.000000e+00	0.000000e+00	8.094722e+00	
1.470000e+01	0.000000e+00	0.000000e+00	0.000000e+00	0.000000e+00	
1.480000e+01	7.897298e+00	0.000000e+00	0.000000e+00	7.897298e+00	
1.490000e+01	0.000000e+00	0.000000e+00	0.000000e+00	0.000000e+00	
1.500000e+01	0.000000e+00	0.000000e+00	0.000000e+00	0.000000e+00	
1.510000e+01	0.000000e+00	0.000000e+00	0.000000e+00	0.000000e+00	
1.520000e+01	0.000000e+00	0.000000e+00	0.000000e+00	0.000000e+00	
1.530000e+01	0.000000e+00	0.000000e+00	0.000000e+00	0.000000e+00	
1.540000e+01	0.000000e+00	0.000000e+00	0.000000e+00	0.000000e+00	
1.550000e+01	0.000000e+00	0.000000e+00	0.000000e+00	0.000000e+00	
1.560000e+01	0.000000e+00	0.000000e+00	0.000000e+00	0.000000e+00	
1.570000e+01	7.092458e+00	0.000000e+00	0.000000e+00	7.092458e+00	
1.580000e+01	0.000000e+00	0.000000e+00	0.000000e+00	0.000000e+00	
1.590000e+01	0.000000e+00	0.000000e+00	0.000000e+00	0.000000e+00	
1.600000e+01	0.000000e+00	0.000000e+00	0.000000e+00	0.000000e+00	
1.610000e+01	0.000000e+00	0.000000e+00	0.000000e+00	0.000000e+00	
1.620000e+01	0.000000e+00	0.000000e+00	0.000000e+00	0.000000e+00	
1.630000e+01	0.000000e+00	0.000000e+00	0.000000e+00	0.000000e+00	
1.640000e+01	0.000000e+00	0.000000e+00	0.000000e+00	0.000000e+00	
1.650000e+01	0.000000e+00	0.000000e+00	0.000000e+00	0.000000e+00	
1.660000e+01	0.000000e+00	0.000000e+00	0.000000e+00	0.000000e+00	
1.670000e+01	6.334479e+00	0.000000e+00	0.000000e+00	6.334479e+00	
1.680000e+01	0.000000e+00	0.000000e+00	0.000000e+00	0.000000e+00	
1.690000e+01	0.000000e+00	0.000000e+00	0.000000e+00	0.000000e+00	
1.700000e+01	0.000000e+00	0.000000e+00	0.000000e+00	0.000000e+00	
1.710000e+01	0.000000e+00	0.000000e+00	0.000000e+00	0.000000e+00	
1.720000e+01	0.000000e+00	0.000000e+00	0.000000e+00	0.000000e+00	
1.730000e+01	0.000000e+00	0.000000e+00	0.000000e+00	0.000000e+00	
1.740000e+01	5.873948e+00	0.000000e+00	0.000000e+00	5.873948e+00	
1.750000e+01	0.000000e+00	0.000000e+00	0.000000e+00	0.000000e+00	
1.760000e+01	0.000000e+00	0.000000e+00	0.000000e+00	0.000000e+00	
1.770000e+01	5.691821e+00	0.000000e+00	0.000000e+00	5.691821e+00	
1.780000e+01	0.000000e+00	0.000000e+00	0.000000e+00	0.000000e+00	
1.790000e+01	5.575069e+00	0.000000e+00	0.000000e+00	5.575069e+00	
1.800000e+01	0.000000e+00	0.000000e+00	0.000000e+00	0.000000e+00	
1.810000e+01	0.000000e+00	0.000000e+00	0.000000e+00	0.000000e+00	
1.820000e+01	0.000000e+00	0.000000e+00	0.000000e+00	0.000000e+00	
1.830000e+01	5.352088e+00	0.000000e+00	0.000000e+00	5.352088e+00	
1.840000e+01	0.000000e+00	0.000000e+00	0.000000e+00	0.000000e+00	
1.850000e+01	0.000000e+00	0.000000e+00	0.000000e+00	0.000000e+00	
1.860000e+01	0.000000e+00	0.000000e+00	0.000000e+00	0.000000e+00	
1.870000e+01	0.000000e+00	0.000000e+00	0.000000e+00	0.000000e+00	
1.880000e+01	0.000000e+00	0.000000e+00	0.000000e+00	0.000000e+00	
1.890000e+01	0.000000e+00	0.000000e+00	0.000000e+00	0.000000e+00	
1.900000e+01	4.992821e+00	0.000000e+00	0.000000e+00	4.992821e+00	
1.910000e+01	0.000000e+00	0.000000e+00	0.000000e+00	0.000000e+00	
1.920000e+01	9.793613e+00	0.000000e+00	0.000000e+00	9.793613e+00	
1.930000e+01	0.000000e+00	0.000000e+00	0.000000e+00	0.000000e+00	
1.940000e+01	0.000000e+00	0.000000e+00	0.000000e+00	0.000000e+00	
1.950000e+01	0.000000e+00	0.000000e+00	0.000000e+00	0.000000e+00	
1.960000e+01	0.000000e+00	0.000000e+00	0.000000e+00	0.000000e+00	
1.970000e+01	4.668550e+00	0.000000e+00	0.000000e+00	4.668550e+00	
1.980000e+01	0.000000e+00	0.000000e+00	0.000000e+00	0.000000e+00	
1.990000e+01	0.000000e+00	0.000000e+00	0.000000e+00	0.000000e+00	
2.000000e+01	0.000000e+00	0.000000e+00	0.000000e+00	0.000000e+00	
2.010000e+01	0.000000e+00	0.000000e+00	0.000000e+00	0.000000e+00	
2.020000e+01	0.000000e+00	0.000000e+00	0.000000e+00	0.000000e+00	
2.030000e+01	4.415101e+00	0.000000e+00	0.000000e+00	4.415101e+00	
2.040000e+01	0.000000e+00	0.000000e+00	0.000000e+00	0.000000e+00	
2.050000e+01	0.000000e+00	0.000000e+00	0.000000e+00	0.000000e+00	
2.060000e+01	1.288814e+01	0.000000e+00	0.000000e+00	1.288814e+01	
2.070000e+01	0.000000e+00	0.000000e+00	0.000000e+00	0.000000e+00	
2.080000e+01	0.000000e+00	0.000000e+00	0.000000e+00	0.000000e+00	
2.090000e+01	0.000000e+00	0.000000e+00	0.000000e+00	0.000000e+00	
2.100000e+01	0.000000e+00	0.000000e+00	0.000000e+00	0.000000e+00	
2.110000e+01	4.108060e+00	0.000000e+00	0.000000e+00	4.108060e+00	
2.120000e+01	0.000000e+00	0.000000e+00	0.000000e+00	0.000000e+00	
2.130000e+01	4.036305e+00	0.000000e+00	0.000000e+00	4.036305e+00	
2.140000e+01	0.000000e+00	0.000000e+00	0.000000e+00	0.000000e+00	
2.150000e+01	7.932828e+00	0.000000e+00	0.000000e+00	7.932828e+00	
2.160000e+01	3.932147e+00	0.000000e+00	0.000000e+00	3.932147e+00	
2.170000e+01	0.000000e+00	0.000000e+00	0.000000e+00	0.000000e+00	
2.180000e+01	0.000000e+00	0.000000e+00	0.000000e+00	0.000000e+00	
2.190000e+01	3.831969e+00	0.000000e+00	0.000000e+00	3.831969e+00	
2.200000e+01	3.799426e+00	0.000000e+00	0.000000e+00	3.799426e+00	
2.210000e+01	0.000000e+00	0.000000e+00	0.000000e+00	0.000000e+00	
2.220000e+01	3.735571e+00	0.000000e+00	0.000000e+00	3.735571e+00	
2.230000e+01	0.000000e+00	0.000000e+00	0.000000e+00	0.000000e+00	
2.240000e+01	3.673313e+00	0.000000e+00	0.000000e+00	3.673313e+00	
2.250000e+01	0.000000e+00	0.000000e+00	0.000000e+00	0.000000e+00	
2.260000e+01	0.000000e+00	0.000000e+00	0.000000e+00	0.000000e+00	
2.270000e+01	0.000000e+00	0.000000e+00	0.000000e+00	0.000000e+00	
2.280000e+01	0.000000e+00	0.000000e+00	0.000000e+00	0.000000e+00	
2.290000e+01	0.000000e+00	0.000000e+00	0.000000e+00	0.000000e+00	
2.300000e+01	3.495598e+00	0.000000e+00	0.000000e+00	3.495598e+00	
2.310000e+01	0.000000e+00	0.000000e+00	0.000000e+00	0.000000e+00	
2.320000e+01	3.439219e+00	0.000000e+00	0.000000e+00	3.439219e+00	
2.330000e+01	3.411539e+00	0.000000e+00	0.000000e+00	3.411539e+00	
2.340000e+01	3.384192e+00	0.000000e+00	0.000000e+00	3.384192e+00	
2.350000e+01	0.000000e+00	0.000000e+00	0.000000e+00	0.000000e+00	
2.360000e+01	0.000000e+00	0.000000e+00	0.000000e+00	0.000000e+00	
2.370000e+01	0.000000e+00	0.000000e+00	0.000000e+00	0.000000e+00	
2.380000e+01	0.000000e+00	0.000000e+00	0.000000e+00	0.000000e+00	
2.390000e+01	0.000000e+00	0.000000e+00	0.000000e+00	0.000000e+00	
2.400000e+01	0.000000e+00	0.000000e+00	0.000000e+00	0.000000e+00	
2.410000e+01	3.201649e+00	0.000000e+00	0.000000e+00	3.201649e+00	
2.420000e+01	0.000000e+00	0.000000e+00	0.000000e+00	0.000000e+00	
2.430000e+01	0.000000e+00	0.000000e+00	0.000000e+00	0.000000e+00	
2.440000e+01	0.000000e+00	0.000000e+00	0.000000e+00	0.000000e+00	
2.450000e+01	0.000000e+00	0.000000e+00	0.000000e+00	0.000000e+00	
2.460000e+01	0.000000e+00	0.000000e+00	0.000000e+00	0.000000e+00	
2.470000e+01	0.000000e+00	0.000000e+00	0.000000e+00	0.000000e+00	
2.480000e+01	6.066974e+00	0.000000e+00	0.000000e+00	6.066974e+00	
2.490000e+01	0.000000e+00	0.000000e+00	0.000000e+00	0.000000e+00	
2.500000e+01	0.000000e+00	0.000000e+00	0.000000e+00	0.000000e+00	
2.510000e+01	0.000000e+00	0.000000e+00	0.000000e+00	0.000000e+00	
2.520000e+01	0.000000e+00	0.000000e+00	0.000000e+00	0.000000e+00	
2.530000e+01	5.842706e+00	0.000000e+00	0.000000e+00	5.842706e+00	
2.540000e+01	0.000000e+00	0.000000e+00	0.000000e+00	0.000000e+00	
2.550000e+01	0.000000e+00	0.000000e+00	0.000000e+00	0.000000e+00	
2.560000e+01	0.000000e+00	0.000000e+00	0.000000e+00	0.000000e+00	
2.570000e+01	0.000000e+00	0.000000e+00	0.000000e+00	0.000000e+00	
2.580000e+01	5.630648e+00	0.000000e+00	0.000000e+00	5.630648e+00	
2.590000e+01	0.000000e+00	0.000000e+00	0.000000e+00	0.000000e+00	
2.600000e+01	0.000000e+00	0.000000e+00	0.000000e+00	0.000000e+00	
2.610000e+01	0.000000e+00	0.000000e+00	0.000000e+00	0.000000e+00	
2.620000e+01	0.000000e+00	0.000000e+00	0.000000e+00	0.000000e+00	
2.630000e+01	0.000000e+00	0.000000e+00	0.000000e+00	0.000000e+00	
2.640000e+01	0.000000e+00	0.000000e+00	0.000000e+00	0.000000e+00	
2.650000e+01	5.352635e+00	0.000000e+00	0.000000e+00	5.352635e+00	
2.660000e+01	0.000000e+00	0.000000e+00	0.000000e+00	0.000000e+00	
2.670000e+01	0.000000e+00	0.000000e+00	0.000000e+00	0.000000e+00	
2.680000e+01	0.000000e+00	0.000000e+00	0.000000e+00	0.000000e+00	
2.690000e+01	0.000000e+00	0.000000e+00	0.000000e+00	0.000000e+00	
2.700000e+01	0.000000e+00	0.000000e+00	0.000000e+00	0.000000e+00	
2.710000e+01	2.565202e+00	0.000000e+00	0.000000e+00	2.565202e+00	
2.720000e+01	7.642072e+00	0.000000e+00	0.000000e+00	7.642072e+00	
2.730000e+01	0.000000e+00	0.000000e+00	0.000000e+00	0.000000e+00	
2.740000e+01	0.000000e+00	0.000000e+00	0.000000e+00	0.000000e+00	
2.750000e+01	0.000000e+00	0.000000e+00	0.000000e+00	0.000000e+00	
2.760000e+01	0.000000e+00	0.000000e+00	0.000000e+00	0.000000e+00	
2.770000e+01	4.921732e+00	0.000000e+00	0.000000e+00	4.921732e+00	
2.780000e+01	4.888194e+00	0.000000e+00	0.000000e+00	4.888194e+00	
2.790000e+01	0.000000e+00	0.000000e+00	0.000000e+00	0.000000e+00	
2.800000e+01	0.000000e+00	0.000000e+00	0.000000e+00	0.000000e+00	
2.810000e+01	0.000000e+00	0.000000e+00	0.000000e+00	0.000000e+00	
2.820000e+01	0.000000e+00	0.000000e+00	0.000000e+00	0.000000e+00	
2.830000e+01	4.725537e+00	0.000000e+00	0.000000e+00	4.725537e+00	
2.840000e+01	0.000000e+00	0.000000e+00	0.000000e+00	0.000000e+00	
2.850000e+01	0.000000e+00	0.000000e+00	0.000000e+00	0.000000e+00	
2.860000e+01	2.315905e+00	0.000000e+00	0.000000e+00	2.315905e+00	
2.870000e+01	0.000000e+00	0.000000e+00	0.000000e+00	0.000000e+00	
2.880000e+01	2.285432e+00	0.000000e+00	0.000000e+00	2.285432e+00	
2.890000e+01	2.270422e+00	0.000000e+00	0.000000e+00	2.270422e+00	
2.900000e+01	0.000000e+00	0.000000e+00	0.000000e+00	0.000000e+00	
2.910000e+01	2.240840e+00	0.000000e+00	0.000000e+00	2.240840e+00	
2.920000e+01	0.000000e+00	0.000000e+00	0.000000e+00	0.000000e+00	
2.930000e+01	4.423665e+00	0.000000e+00	0.000000e+00	4.423665e+00	
2.940000e+01	0.000000e+00	0.000000e+00	0.000000e+00	0.000000e+00	
2.950000e+01	6.550155e+00	0.000000e+00	0.000000e+00	6.550155e+00	
2.960000e+01	0.000000e+00	0.000000e+00	0.000000e+00	0.000000e+00	
2.970000e+01	0.000000e+00	0.000000e+00	0.000000e+00	0.000000e+00	
2.980000e+01	2.141731e+00	0.000000e+00	0.000000e+00	2.141731e+00	
2.990000e+01	2.128112e+00	0.000000e+00	0.000000e+00	2.128112e+00	
3.000000e+01	2.114621e+00	0.000000e+00	0.000000e+00	2.114621e+00	
3.010000e+01	2.101259e+00	0.000000e+00	0.000000e+00	2.101259e+00	
3.020000e+01	2.088022e+00	0.000000e+00	0.000000e+00	2.088022e+00	
3.030000e+01	0.000000e+00	0.000000e+00	0.000000e+00	0.000000e+00	
3.040000e+01	0.000000e+00	0.000000e+00	0.000000e+00	0.000000e+00	
3.050000e+01	4.098111e+00	0.000000e+00	0.000000e+00	4.098111e+00	
3.060000e+01	4.072618e+00	0.000000e+00	0.000000e+00	4.072618e+00	
3.070000e+01	2.023680e+00	0.000000e+00	0.000000e+00	2.023680e+00	
3.080000e+01	0.000000e+00	0.000000e+00	0.000000e+00	0.000000e+00	
3.090000e+01	1.998774e+00	0.000000e+00	0.000000e+00	1.998774e+00	
3.100000e+01	3.972986e+00	0.000000e+00	0.000000e+00	3.972986e+00	
3.110000e+01	0.000000e+00	0.000000e+00	0.000000e+00	0.000000e+00	
3.120000e+01	1.962267e+00	0.000000e+00	0.000000e+00	1.962267e+00	
3.130000e+01	0.000000e+00	0.000000e+00	0.000000e+00	0.000000e+00	
3.140000e+01	0.000000e+00	0.000000e+00	0.000000e+00	0.000000e+00	
3.150000e+01	1.926752e+00	0.000000e+00	0.000000e+00	1.926752e+00	
3.160000e+01	0.000000e+00	0.000000e+00	0.000000e+00	0.000000e+00	
3.170000e+01	3.807216e+00	0.000000e+00	0.000000e+00	3.807216e+00	
3.180000e+01	0.000000e+00	0.000000e+00	0.000000e+00	0.000000e+00	
3.190000e+01	1.880878e+00	0.000000e+00	0.000000e+00	1.880878e+00	
3.200000e+01	0.000000e+00	0.000000e+00	0.000000e+00	0.000000e+00	
3.210000e+01	0.000000e+00	0.000000e+00	0.000000e+00	0.000000e+00	
3.220000e+01	0.000000e+00	0.000000e+00	0.000000e+00	0.000000e+00	
3.230000e+01	0.000000e+00	0.000000e+00	0.000000e+00	0.000000e+00	
3.240000e+01	0.000000e+00	0.000000e+00	0.000000e+00	0.000000e+00	
3.250000e+01	3.630161e+00	0.000000e+00	0.000000e+00	3.630161e+00	
3.260000e+01	1.804450e+00	0.000000e+00	0.000000e+00	1.804450e+00	
3.270000e+01	5.381740e+00	0.000000e+00	0.000000e+00	5.381740e+00	
3.280000e+01	0.000000e+00	0.000000e+00	0.000000e+00	0.000000e+00	
3.290000e+01	3.546229e+00	0.000000e+00	0.000000e+00	3.546229e+00	
3.300000e+01	0.000000e+00	0.000000e+00	0.000000e+00	0.000000e+00	
3.310000e+01	1.752675e+00	0.000000e+00	0.000000e+00	1.752675e+00	
3.320000e+01	1.742588e+00	0.000000e+00	0.000000e+00	1.742588e+00	
3.330000e+01	0.000000e+00	0.000000e+00	0.000000e+00	0.000000e+00	
3.340000e+01	0.000000e+00	0.000000e+00	0.000000e+00	0.000000e+00	
3.350000e+01	3.425686e+00	0.000000e+00	0.000000e+00	3.425686e+00	
3.360000e+01	1.703097e+00	0.000000e+00	0.000000e+00	1.703097e+00	
3.370000e+01	1.693434e+00	0.000000e+00	0.000000e+00	1.693434e+00	
3.380000e+01	0.000000e+00	0.000000e+00	0.000000e+00	0.000000e+00	
3.390000e+01	1.674353e+00	0.000000e+00	0.000000e+00	1.674353e+00	
3.400000e+01	1.664934e+00	0.000000e+00	0.000000e+00	1.664934e+00	
3.410000e+01	3.311187e+00	0.000000e+00	0.000000e+00	3.311187e+00	
3.420000e+01	0.000000e+00	0.000000e+00	0.000000e+00	0.000000e+00	
3.430000e+01	0.000000e+00	0.000000e+00	0.000000e+00	0.000000e+00	
3.440000e+01	1.628039e+00	0.000000e+00	0.000000e+00	1.628039e+00	
3.450000e+01	0.000000e+00	0.000000e+00	0.000000e+00	0.000000e+00	
3.460000e+01	0.000000e+00	0.000000e+00	0.000000e+00	0.000000e+00	
3.470000e+01	3.202333e+00	0.000000e+00	0.000000e+00	3.202333e+00	
3.480000e+01	1.592357e+00	0.000000e+00	0.000000e+00	1.592357e+00	
3.490000e+01	0.000000e+00	0.000000e+00	0.000000e+00	0.000000e+00	
3.500000e+01	3.149909e+00	0.000000e+00	0.000000e+00	3.149909e+00	
3.510000e+01	1.566360e+00	0.000000e+00	0.000000e+00	1.566360e+00	
3.520000e+01	1.557835e+00	0.000000e+00	0.000000e+00	1.557835e+00	
3.530000e+01	1.549381e+00	0.000000e+00	0.000000e+00	1.549381e+00	
3.540000e+01	1.540994e+00	0.000000e+00	0.000000e+00	1.540994e+00	
3.550000e+01	1.532676e+00	0.000000e+00	0.000000e+00	1.532676e+00	
3.560000e+01	1.524424e+00	0.000000e+00	0.000000e+00	1.524424e+00	
3.570000e+01	4.548718e+00	0.000000e+00	0.000000e+00	4.548718e+00	
3.580000e+01	3.016241e+00	0.000000e+00	0.000000e+00	3.016241e+00	
3.590000e+01	1.500066e+00	0.000000e+00	0.000000e+00	1.500066e+00	
3.600000e+01	1.492077e+00	0.000000e+00	0.000000e+00	1.492077e+00	
3.610000e+01	1.484151e+00	0.000000e+00	0.000000e+00	1.484151e+00	
3.620000e+01	1.476288e+00	0.000000e+00	0.000000e+00	1.476288e+00	
3.630000e+01	0.000000e+00	0.000000e+00	0.000000e+00	0.000000e+00	
3.640000e+01	1.460748e+00	0.000000e+00	0.000000e+00	1.460748e+00	
3.650000e+01	1.453070e+00	0.000000e+00	0.000000e+00	1.453070e+00	
3.660000e+01	4.336356e+00	0.000000e+00	0.000000e+00	4.336356e+00	
3.670000e+01	1.437894e+00	0.000000e+00	0.000000e+00	1.437894e+00	
3.680000e+01	1.430396e+00	0.000000e+00	0.000000e+00	1.430396e+00	
3.690000e+01	0.000000e+00	0.000000e+00	0.000000e+00	0.000000e+00	
3.700000e+01	0.000000e+00	0.000000e+00	0.000000e+00	0.000000e+00	
3.710000e+01	2.816495e+00	0.000000e+00	0.000000e+00	2.816495e+00	
3.720000e+01	0.000000e+00	0.000000e+00	0.000000e+00	0.000000e+00	
3.730000e+01	1.393767e+00	0.000000e+00	0.000000e+00	1.393767e+00	
3.740000e+01	0.000000e+00	0.000000e+00	0.000000e+00	0.000000e+00	
3.750000e+01	1.379509e+00	0.000000e+00	0.000000e+00	1.379509e+00	
3.760000e+01	0.000000e+00	0.000000e+00	0.000000e+00	0.000000e+00	
3.770000e+01	1.365468e+00	0.000000e+00	0.000000e+00	1.365468e+00	
3.780000e+01	1.358528e+00	0.000000e+00	0.000000e+00	1.358528e+00	
3.790000e+01	2.703281e+00	0.000000e+00	0.000000e+00	2.703281e+00	
3.800000e+01	0.000000e+00	0.000000e+00	0.000000e+00	0.000000e+00	
3.810000e+01	4.014066e+00	0.000000e+00	0.000000e+00	4.014066e+00	
3.820000e+01	0.000000e+00	0.000000e+00	0.000000e+00	0.000000e+00	
3.830000e+01	0.000000e+00	0.000000e+00	0.000000e+00	0.000000e+00	
3.840000e+01	0.000000e+00	0.000000e+00	0.000000e+00	0.000000e+00	
3.850000e+01	0.000000e+00	0.000000e+00	0.000000e+00	0.000000e+00	
3.860000e+01	3.914589e+00	0.000000e+00	0.000000e+00	3.914589e+00	
3.870000e+01	1.298379e+00	0.000000e+00	0.000000e+00	1.298379e+00	
3.880000e+01	1.291944e+00	0.000000e+00	0.000000e+00	1.291944e+00	
3.890000e+01	2.571112e+00	0.000000e+00	0.000000e+00	2.571112e+00	
3.900000e+01	1.279215e+00	0.000000e+00	0.000000e+00	1.279215e+00	
3.910000e+01	1.272921e+00	0.000000e+00	0.000000e+00	1.272921e+00	
3.920000e+01	1.266674e+00	0.000000e+00	0.000000e+00	1.266674e+00	
3.930000e+01	0.000000e+00	0.000000e+00	0.000000e+00	0.000000e+00	
3.940000e+01	3.762949e+00	0.000000e+00	0.000000e+00	3.762949e+00	
3.950000e+01	4.992821e+00	0.000000e+00	0.000000e+00	4.992821e+00	
3.960000e+01	2.484277e+00	0.000000e+00	0.000000e+00	2.484277e+00	
3.970000e+01	0.000000e+00	0.000000e+00	0.000000e+00	0.000000e+00	
3.980000e+01	2.460275e+00	0.000000e+00	0.000000e+00	2.460275e+00	
3.990000e+01	0.000000e+00	0.000000e+00	0.000000e+00	0.000000e+00	
4.000000e+01	0.000000e+00	0.000000e+00	0.000000e+00	0.000000e+00	
4.010000e+01	2.424918e+00	0.000000e+00	0.000000e+00	2.424918e+00	
4.020000e+01	1.206651e+00	0.000000e+00	0.000000e+00	1.206651e+00	
4.030000e+01	1.200884e+00	0.000000e+00	0.000000e+00	1.200884e+00	
4.040000e+01	0.000000e+00	0.000000e+00	0.000000e+00	0.000000e+00	
4.050000e+01	1.189474e+00	0.000000e+00	0.000000e+00	1.189474e+00	
4.060000e+01	0.000000e+00	0.000000e+00	0.000000e+00	0.000000e+00	
4.070000e+01	0.000000e+00	0.000000e+00	0.000000e+00	0.000000e+00	
4.080000e+01	0.000000e+00	0.000000e+00	0.000000e+00	0.000000e+00	
4.090000e+01	1.167137e+00	0.000000e+00	0.000000e+00	1.167137e+00	
4.100000e+01	0.000000e+00	0.000000e+00	0.000000e+00	0.000000e+00	
4.110000e+01	1.156204e+00	0.000000e+00	0.000000e+00	1.156204e+00	
4.120000e+01	1.150795e+00	0.000000e+00	0.000000e+00	1.150795e+00	
4.130000e+01	2.290847e+00	0.000000e+00	0.000000e+00	2.290847e+00	
4.140000e+01	4.560359e+00	0.000000e+00	0.000000e+00	4.560359e+00	
4.150000e+01	1.134793e+00	0.000000e+00	0.000000e+00	1.134793e+00	
4.160000e+01	1.129534e+00	0.000000e+00	0.000000e+00	1.129534e+00	
4.170000e+01	0.000000e+00	0.000000e+00	0.000000e+00	0.000000e+00	
4.180000e+01	2.238246e+00	0.000000e+00	0.000000e+00	2.238246e+00	
4.190000e+01	1.113972e+00	0.000000e+00	0.000000e+00	1.113972e+00	
4.200000e+01	0.000000e+00	0.000000e+00	0.000000e+00	0.000000e+00	
4.210000e+01	0.000000e+00	0.000000e+00	0.000000e+00	0.000000e+00	
4.220000e+01	2.197459e+00	0.000000e+00	0.000000e+00	2.197459e+00	
4.230000e+01	2.187437e+00	0.000000e+00	0.000000e+00	2.187437e+00	
4.240000e+01	1.088741e+00	0.000000e+00	0.000000e+00	1.088741e+00	
4.250000e+01	0.000000e+00	0.000000e+00	0.000000e+00	0.000000e+00	
4.260000e+01	0.000000e+00	0.000000e+00	0.000000e+00	0.000000e+00	
4.270000e+01	2.148024e+00	0.000000e+00	0.000000e+00	2.148024e+00	
4.280000e+01	1.069169e+00	0.000000e+00	0.000000e+00	1.069169e+00	
4.290000e+01	1.064358e+00	0.000000e+00	0.000000e+00	1.064358e+00	
4.300000e+01	2.119159e+00	0.000000e+00	0.000000e+00	2.119159e+00	
4.310000e+01	0.000000e+00	0.000000e+00	0.000000e+00	0.000000e+00	
4.320000e+01	2.100239e+00	0.000000e+00	0.000000e+00	2.100239e+00	
4.330000e+01	1.045437e+00	0.000000e+00	0.000000e+00	1.045437e+00	
4.340000e+01	1.040785e+00	0.000000e+00	0.000000e+00	1.040785e+00	
4.350000e+01	1.036164e+00	0.000000e+00	0.000000e+00	1.036164e+00	
4.360000e+01	3.094723e+00	0.000000e+00	0.000000e+00	3.094723e+00	
4.370000e+01	0.000000e+00	0.000000e+00	0.000000e+00	0.000000e+00	
4.380000e+01	1.022486e+00	0.000000e+00	0.000000e+00	1.022486e+00	
4.390000e+01	1.017986e+00	0.000000e+00	0.000000e+00	1.017986e+00	
4.400000e+01	1.013517e+00	0.000000e+00	0.000000e+00	1.013517e+00	
4.410000e+01	1.009076e+00	0.000000e+00	0.000000e+00	1.009076e+00	
4.420000e+01	0.000000e+00	0.000000e+00	0.000000e+00	0.000000e+00	
4.430000e+01	1.000283e+00	0.000000e+00	0.000000e+00	1.000283e+00	
4.440000e+01	1.991858e+00	0.000000e+00	0.000000e+00	1.991858e+00	
4.450000e+01	1.983207e+00	0.000000e+00	0.000000e+00	1.983207e+00	
4.460000e+01	9.873060e-01	0.000000e+00	0.000000e+00	9.873060e-01	
4.470000e+01	1.966073e+00	0.000000e+00	0.000000e+00	1.966073e+00	
4.480000e+01	0.000000e+00	0.000000e+00	0.000000e+00	0.000000e+00	
4.490000e+01	0.000000e+00	0.000000e+00	0.000000e+00	0.000000e+00	
4.500000e+01	9.703933e-01	0.000000e+00	0.000000e+00	9.703933e-01	
4.510000e+01	9.662329e-01	0.000000e+00	0.000000e+00	9.662329e-01	
4.520000e+01	0.000000e+00	0.000000e+00	0.000000e+00	0.000000e+00	
4.530000e+01	1.915985e+00	0.000000e+00	0.000000e+00	1.915985e+00	
4.540000e+01	9.539113e-01	0.000000e+00	0.000000e+00	9.539113e-01	
4.550000e+01	0.000000e+00	0.000000e+00	0.000000e+00	0.000000e+00	
4.560000e+01	9.458273e-01	0.000000e+00	0.000000e+00	9.458273e-01	
4.570000e+01	1.883648e+00	0.000000e+00	0.000000e+00	1.883648e+00	
4.580000e+01	9.378458e-01	0.000000e+00	0.000000e+00	9.378458e-01	
4.590000e+01	9.338927e-01	0.000000e+00	0.000000e+00	9.338927e-01	
4.600000e+01	0.000000e+00	0.000000e+00	0.000000e+00	0.000000e+00	
4.610000e+01	0.000000e+00	0.000000e+00	0.000000e+00	0.000000e+00	
4.620000e+01	1.844365e+00	0.000000e+00	0.000000e+00	1.844365e+00	
4.630000e+01	9.183282e-01	0.000000e+00	0.000000e+00	9.183282e-01	
4.640000e+01	1.828995e+00	0.000000e+00	0.000000e+00	1.828995e+00	
4.650000e+01	9.106914e-01	0.000000e+00	0.000000e+00	9.106914e-01	
4.660000e+01	0.000000e+00	0.000000e+00	0.000000e+00	0.000000e+00	
4.670000e+01	9.031494e-01	0.000000e+00	0.000000e+00	9.031494e-01	
4.680000e+01	8.994136e-01	0.000000e+00	0.000000e+00	8.994136e-01	
4.690000e+01	0.000000e+00	0.000000e+00	0.000000e+00	0.000000e+00	
4.700000e+01	0.000000e+00	0.000000e+00	0.000000e+00	0.000000e+00	
4.710000e+01	8.883439e-01	0.000000e+00	0.000000e+00	8.883439e-01	
4.720000e+01	8.846995e-01	0.000000e+00	0.000000e+00	8.846995e-01	
4.730000e+01	1.762155e+00	0.000000e+00	0.000000e+00	1.762155e+00	
4.740000e+01	8.774775e-01	0.000000e+00	0.000000e+00	8.774775e-01	
4.750000e+01	1.747799e+00	0.000000e+00	0.000000e+00	1.747799e+00	
4.760000e+01	0.000000e+00	0.000000e+00	0.000000e+00	0.000000e+00	
4.770000e+01	0.000000e+00	0.000000e+00	0.000000e+00	0.000000e+00	
4.780000e+01	8.632963e-01	0.000000e+00	0.000000e+00	8.632963e-01	
4.790000e+01	2.579414e+00	0.000000e+00	0.000000e+00	2.579414e+00	
4.800000e+01	0.000000e+00	0.000000e+00	0.000000e+00	0.000000e+00	
4.810000e+01	0.000000e+00	0.000000e+00	0.000000e+00	0.000000e+00	
4.820000e+01	8.494560e-01	0.000000e+00	0.000000e+00	8.494560e-01	
4.830000e+01	1.692096e+00	0.000000e+00	0.000000e+00	1.692096e+00	
4.840000e+01	0.000000e+00	0.000000e+00	0.000000e+00	0.000000e+00	
4.850000e+01	8.392932e-01	0.000000e+00	0.000000e+00	8.392932e-01	
4.860000e+01	1.671892e+00	0.000000e+00	0.000000e+00	1.671892e+00	
4.870000e+01	1.665238e+00	0.000000e+00	0.000000e+00	1.665238e+00	
4.880000e+01	1.658623e+00	0.000000e+00	0.000000e+00	1.658623e+00	
4.890000e+01	8.260239e-01	0.000000e+00	0.000000e+00	8.260239e-01	
4.900000e+01	1.645512e+00	0.000000e+00	0.000000e+00	1.645512e+00	
4.910000e+01	0.000000e+00	0.000000e+00	0.000000e+00	0.000000e+00	
4.920000e+01	0.000000e+00	0.000000e+00	0.000000e+00	0.000000e+00	
4.930000e+01	1.626134e+00	0.000000e+00	0.000000e+00	1.626134e+00	
4.940000e+01	2.429626e+00	0.000000e+00	0.000000e+00	2.429626e+00	
4.950000e+01	8.067024e-01	0.000000e+00	0.000000e+00	8.067024e-01	
4.960000e+01	0.000000e+00	0.000000e+00	0.000000e+00	0.000000e+00	
4.970000e+01	2.401237e+00	0.000000e+00	0.000000e+00	2.401237e+00	
4.980000e+01	7.972949e-01	0.000000e+00	0.000000e+00	7.972949e-01	
4.990000e+01	0.000000e+00	0.000000e+00	0.000000e+00	0.000000e+00	
5.000000e+01	7.911143e-01	0.000000e+00	0.000000e+00	7.911143e-01	
5.010000e+01	3.940254e+00	0.000000e+00	0.000000e+00	3.940254e+00	
5.020000e+01	3.925027e+00	0.000000e+00	0.000000e+00	3.925027e+00	
5.030000e+01	1.563955e+00	0.000000e+00	0.000000e+00	1.563955e+00	
5.040000e+01	0.000000e+00	0.000000e+00	0.000000e+00	0.000000e+00	
5.050000e+01	7.759737e-01	0.000000e+00	0.000000e+00	7.759737e-01	
5.060000e+01	0.000000e+00	0.000000e+00	0.000000e+00	0.000000e+00	
5.070000e+01	1.540078e+00	0.000000e+00	0.000000e+00	1.540078e+00	
5.080000e+01	3.068388e+00	0.000000e+00	0.000000e+00	3.068388e+00	
5.090000e+01	0.000000e+00	0.000000e+00	0.000000e+00	0.000000e+00	
5.100000e+01	0.000000e+00	0.000000e+00	0.000000e+00	0.000000e+00	
5.110000e+01	2.275115e+00	0.000000e+00	0.000000e+00	2.275115e+00	
5.120000e+01	7.554965e-01	0.000000e+00	0.000000e+00	7.554965e-01	
5.130000e+01	7.526375e-01	0.000000e+00	0.000000e+00	7.526375e-01	
5.140000e+01	2.249384e+00	0.000000e+00	0.000000e+00	2.249384e+00	
5.150000e+01	2.240904e+00	0.000000e+00	0.000000e+00	2.240904e+00	
5.160000e+01	0.000000e+00	0.000000e+00	0.000000e+00	0.000000e+00	
5.170000e+01	1.482724e+00	0.000000e+00	0.000000e+00	1.482724e+00	
5.180000e+01	7.385830e-01	0.000000e+00	0.000000e+00	7.385830e-01	
5.190000e+01	7.358192e-01	0.000000e+00	0.000000e+00	7.358192e-01	
5.200000e+01	2.199214e+00	0.000000e+00	0.000000e+00	2.199214e+00	
5.210000e+01	7.303383e-01	0.000000e+00	0.000000e+00	7.303383e-01	
5.220000e+01	7.276208e-01	0.000000e+00	0.000000e+00	7.276208e-01	
5.230000e+01	7.249185e-01	0.000000e+00	0.000000e+00	7.249185e-01	
5.240000e+01	1.444462e+00	0.000000e+00	0.000000e+00	1.444462e+00	
5.250000e+01	2.878234e+00	0.000000e+00	0.000000e+00	2.878234e+00	
5.260000e+01	1.433802e+00	0.000000e+00	0.000000e+00	1.433802e+00	
5.270000e+01	1.428516e+00	0.000000e+00	0.000000e+00	1.428516e+00	
5.280000e+01	1.423259e+00	0.000000e+00	0.000000e+00	1.423259e+00	
5.290000e+01	0.000000e+00	0.000000e+00	0.000000e+00	0.000000e+00	
5.300000e+01	7.064162e-01	0.000000e+00	0.000000e+00	7.064162e-01	
5.310000e+01	7.038310e-01	0.000000e+00	0.000000e+00	7.038310e-01	
5.320000e+01	7.012600e-01	0.000000e+00	0.000000e+00	7.012600e-01	
5.330000e+01	2.096109e+00	0.000000e+00	0.000000e+00	2.096109e+00	
5.340000e+01	0.000000e+00	0.000000e+00	0.000000e+00	0.000000e+00	
5.350000e+01	1.387261e+00	0.000000e+00	0.000000e+00	1.387261e+00	
5.360000e+01	1.382231e+00	0.000000e+00	0.000000e+00	1.382231e+00	
5.370000e+01	6.886135e-01	0.000000e+00	0.000000e+00	6.886135e-01	
5.380000e+01	2.744501e+00	0.000000e+00	0.000000e+00	2.744501e+00	
5.390000e+01	2.734602e+00	0.000000e+00	0.000000e+00	2.734602e+00	
5.400000e+01	6.811892e-01	0.000000e+00	0.000000e+00	6.811892e-01	
5.410000e+01	6.787410e-01	0.000000e+00	0.000000e+00	6.787410e-01	
5.420000e+01	2.705224e+00	0.000000e+00	0.000000e+00	2.705224e+00	
5.430000e+01	6.738843e-01	0.000000e+00	0.000000e+00	6.738843e-01	
5.440000e+01	0.000000e+00	0.000000e+00	0.000000e+00	0.000000e+00	
5.450000e+01	6.690794e-01	0.000000e+00	0.000000e+00	6.690794e-01	
5.460000e+01	0.000000e+00	0.000000e+00	0.000000e+00	0.000000e+00	
5.470000e+01	2.657303e+00	0.000000e+00	0.000000e+00	2.657303e+00	
5.480000e+01	1.985904e+00	0.000000e+00	0.000000e+00	1.985904e+00	
5.490000e+01	0.000000e+00	0.000000e+00	0.000000e+00	0.000000e+00	
5.500000e+01	6.572896e-01	0.000000e+00	0.000000e+00	6.572896e-01	
5.510000e+01	1.964907e+00	0.000000e+00	0.000000e+00	1.964907e+00	
5.520000e+01	1.957983e+00	0.000000e+00	0.000000e+00	1.957983e+00	
5.530000e+01	6.503648e-01	0.000000e+00	0.000000e+00	6.503648e-01	
5.540000e+01	6.480808e-01	0.000000e+00	0.000000e+00	6.480808e-01	
5.550000e+01	6.458088e-01	0.000000e+00	0.000000e+00	6.458088e-01	
5.560000e+01	6.435487e-01	0.000000e+00	0.000000e+00	6.435487e-01	
5.570000e+01	1.282601e+00	0.000000e+00	0.000000e+00	1.282601e+00	
5.580000e+01	1.917192e+00	0.000000e+00	0.000000e+00	1.917192e+00	
5.590000e+01	1.910518e+00	0.000000e+00	0.000000e+00	1.910518e+00	
5.600000e+01	0.000000e+00	0.000000e+00	0.000000e+00	0.000000e+00	
5.610000e+01	6.324245e-01	0.000000e+00	0.000000e+00	6.324245e-01	
5.620000e+01	1.260469e+00	0.000000e+00	0.000000e+00	1.260469e+00	
5.630000e+01	1.256111e+00	0.000000e+00	0.000000e+00	1.256111e+00	
5.640000e+01	6.258879e-01	0.000000e+00	0.000000e+00	6.258879e-01	
5.650000e+01	2.494926e+00	0.000000e+00	0.000000e+00	2.494926e+00	
5.660000e+01	6.215862e-01	0.000000e+00	0.000000e+00	6.215862e-01	
5.670000e+01	1.858356e+00	0.000000e+00	0.000000e+00	1.858356e+00	
5.680000e+01	0.000000e+00	0.000000e+00	0.000000e+00	0.000000e+00	
5.690000e+01	6.152165e-01	0.000000e+00	0.000000e+00	6.152165e-01	
5.700000e+01	1.839345e+00	0.000000e+00	0.000000e+00	1.839345e+00	
5.710000e+01	6.110243e-01	0.000000e+00	0.000000e+00	6.110243e-01	
5.720000e+01	2.435777e+00	0.000000e+00	0.000000e+00	2.435777e+00	
5.730000e+01	0.000000e+00	0.000000e+00	0.000000e+00	0.000000e+00	
5.740000e+01	1.814447e+00	0.000000e+00	0.000000e+00	1.814447e+00	
5.750000e+01	6.027673e-01	0.000000e+00	0.000000e+00	6.027673e-01	
5.760000e+01	6.007291e-01	0.000000e+00	0.000000e+00	6.007291e-01	
5.770000e+01	1.197403e+00	0.000000e+00	0.000000e+00	1.197403e+00	
5.780000e+01	2.983419e+00	0.000000e+00	0.000000e+00	2.983419e+00	
5.790000e+01	0.000000e+00	0.000000e+00	0.000000e+00	0.000000e+00	
5.800000e+01	0.000000e+00	0.000000e+00	0.000000e+00	0.000000e+00	
5.810000e+01	1.181384e+00	0.000000e+00	0.000000e+00	1.181384e+00	
5.820000e+01	1.177430e+00	0.000000e+00	0.000000e+00	1.177430e+00	
5.830000e+01	1.173495e+00	0.000000e+00	0.000000e+00	1.173495e+00	
5.840000e+01	0.000000e+00	0.000000e+00	0.000000e+00	0.000000e+00	
5.850000e+01	1.165685e+00	0.000000e+00	0.000000e+00	1.165685e+00	
5.860000e+01	5.809045e-01	0.000000e+00	0.000000e+00	5.809045e-01	
5.870000e+01	0.000000e+00	0.000000e+00	0.000000e+00	0.000000e+00	
5.880000e+01	5.770575e-01	0.000000e+00	0.000000e+00	5.770575e-01	
5.890000e+01	1.150296e+00	0.000000e+00	0.000000e+00	1.150296e+00	
5.900000e+01	5.732485e-01	0.000000e+00	0.000000e+00	5.732485e-01	
5.910000e+01	1.714074e+00	0.000000e+00	0.000000e+00	1.714074e+00	
5.920000e+01	1.708431e+00	0.000000e+00	0.000000e+00	1.708431e+00	
5.930000e+01	1.135211e+00	0.000000e+00	0.000000e+00	1.135211e+00	
5.940000e+01	1.697229e+00	0.000000e+00	0.000000e+00	1.697229e+00	
5.950000e+01	5.638895e-01	0.000000e+00	0.000000e+00	5.638895e-01	
5.960000e+01	1.124090e+00	0.000000e+00	0.000000e+00	1.124090e+00	
5.970000e+01	5.602100e-01	0.000000e+00	0.000000e+00	5.602100e-01	
5.980000e+01	5.583838e-01	0.000000e+00	0.000000e+00	5.583838e-01	
5.990000e+01	2.226265e+00	0.000000e+00	0.000000e+00	2.226265e+00	
6.000000e+01	1.109516e+00	0.000000e+00	0.000000e+00	1.109516e+00	
6.010000e+01	3.317749e+00	0.000000e+00	0.000000e+00	3.317749e+00	
6.020000e+01	5.511672e-01	0.000000e+00	0.000000e+00	5.511672e-01	
6.030000e+01	1.098770e+00	0.000000e+00	0.000000e+00	1.098770e+00	
6.040000e+01	5.476113e-01	0.000000e+00	0.000000e+00	5.476113e-01	
6.050000e+01	1.091692e+00	0.000000e+00	0.000000e+00	1.091692e+00	
6.060000e+01	5.440897e-01	0.000000e+00	0.000000e+00	5.440897e-01	
6.070000e+01	1.084683e+00	0.000000e+00	0.000000e+00	1.084683e+00	
6.080000e+01	5.406020e-01	0.000000e+00	0.000000e+00	5.406020e-01	
6.090000e+01	1.077741e+00	0.000000e+00	0.000000e+00	1.077741e+00	
6.100000e+01	5.371476e-01	0.000000e+00	0.000000e+00	5.371476e-01	
6.110000e+01	5.354328e-01	0.000000e+00	0.000000e+00	5.354328e-01	
6.120000e+01	1.067453e+00	0.000000e+00	0.000000e+00	1.067453e+00	
6.130000e+01	1.064056e+00	0.000000e+00	0.000000e+00	1.064056e+00	
6.140000e+01	1.060675e+00	0.000000e+00	0.000000e+00	1.060675e+00	
6.150000e+01	2.114621e+00	0.000000e+00	0.000000e+00	2.114621e+00	
6.160000e+01	1.053962e+00	0.000000e+00	0.000000e+00	1.053962e+00	
6.170000e+01	5.253147e-01	0.000000e+00	0.000000e+00	5.253147e-01	
6.180000e+01	5.236562e-01	0.000000e+00	0.000000e+00	5.236562e-01	
6.190000e+01	5.220056e-01	0.000000e+00	0.000000e+00	5.220056e-01	
6.200000e+01	5.203628e-01	0.000000e+00	0.000000e+00	5.203628e-01	
6.210000e+01	2.593638e+00	0.000000e+00	0.000000e+00	2.593638e+00	
6.220000e+01	5.171003e-01	0.000000e+00	0.000000e+00	5.171003e-01	
6.230000e+01	0.000000e+00	0.000000e+00	0.000000e+00	0.000000e+00	
6.240000e+01	3.597079e+00	0.000000e+00	0.000000e+00	3.597079e+00	
6.250000e+01	1.536792e+00	0.000000e+00	0.000000e+00	1.536792e+00	
6.260000e+01	1.532000e+00	0.000000e+00	0.000000e+00	1.532000e+00	
6.270000e+01	0.000000e+00	0.000000e+00	0.000000e+00	0.000000e+00	
6.280000e+01	0.000000e+00	0.000000e+00	0.000000e+00	0.000000e+00	
6.290000e+01	5.059201e-01	0.000000e+00	0.000000e+00	5.059201e-01	
6.300000e+01	1.008705e+00	0.000000e+00	0.000000e+00	1.008705e+00	
6.310000e+01	1.005584e+00	0.000000e+00	0.000000e+00	1.005584e+00	
6.320000e+01	1.503718e+00	0.000000e+00	0.000000e+00	1.503718e+00	
6.330000e+01	9.993869e-01	0.000000e+00	0.000000e+00	9.993869e-01	
6.340000e+01	9.963095e-01	0.000000e+00	0.000000e+00	9.963095e-01	
6.350000e+01	0.000000e+00	0.000000e+00	0.000000e+00	0.000000e+00	
6.360000e+01	0.000000e+00	0.000000e+00	0.000000e+00	0.000000e+00	
6.370000e+01	4.935811e-01	0.000000e+00	0.000000e+00	4.935811e-01	
6.380000e+01	9.841409e-01	0.000000e+00	0.000000e+00	9.841409e-01	
6.390000e+01	9.811336e-01	0.000000e+00	0.000000e+00	9.811336e-01	
6.400000e+01	9.781402e-01	0.000000e+00	0.000000e+00	9.781402e-01	
6.410000e+01	9.751603e-01	0.000000e+00	0.000000e+00	9.751603e-01	
6.420000e+01	2.430485e+00	0.000000e+00	0.000000e+00	2.430485e+00	
6.430000e+01	2.907724e+00	0.000000e+00	0.000000e+00	2.907724e+00	
6.440000e+01	4.831510e-01	0.000000e+00	0.000000e+00	4.831510e-01	
6.450000e+01	1.926752e+00	0.000000e+00	0.000000e+00	1.926752e+00	
6.460000e+01	1.920927e+00	0.000000e+00	0.000000e+00	1.920927e+00	
6.470000e+01	9.575637e-01	0.000000e+00	0.000000e+00	9.575637e-01	
6.480000e+01	1.432016e+00	0.000000e+00	0.000000e+00	1.432016e+00	
6.490000e+01	1.903608e+00	0.000000e+00	0.000000e+00	1.903608e+00	
6.500000e+01	9.489436e-01	0.000000e+00	0.000000e+00	9.489436e-01	
6.510000e+01	0.000000e+00	0.000000e+00	0.000000e+00	0.000000e+00	
6.520000e+01	4.716306e-01	0.000000e+00	0.000000e+00	4.716306e-01	
6.530000e+01	2.351098e+00	0.000000e+00	0.000000e+00	2.351098e+00	
6.540000e+01	9.376299e-01	0.000000e+00	0.000000e+00	9.376299e-01	
6.550000e+01	9.348332e-01	0.000000e+00	0.000000e+00	9.348332e-01	
6.560000e+01	1.398073e+00	0.000000e+00	0.000000e+00	1.398073e+00	
6.570000e+01	9.292768e-01	0.000000e+00	0.000000e+00	9.292768e-01	
6.580000e+01	1.389776e+00	0.000000e+00	0.000000e+00	1.389776e+00	
6.590000e+01	1.385655e+00	0.000000e+00	0.000000e+00	1.385655e+00	
6.600000e+01	4.605175e-01	0.000000e+00	0.000000e+00	4.605175e-01	
6.610000e+01	1.836624e+00	0.000000e+00	0.000000e+00	1.836624e+00	
6.620000e+01	1.373402e+00	0.000000e+00	0.000000e+00	1.373402e+00	
6.630000e+01	9.129022e-01	0.000000e+00	0.000000e+00	9.129022e-01	
6.640000e+01	1.365323e+00	0.000000e+00	0.000000e+00	1.365323e+00	
6.650000e+01	0.000000e+00	0.000000e+00	0.000000e+00	0.000000e+00	
6.660000e+01	1.809754e+00	0.000000e+00	0.000000e+00	1.809754e+00	
6.670000e+01	9.022250e-01	0.000000e+00	0.000000e+00	9.022250e-01	
6.680000e+01	8.995851e-01	0.000000e+00	0.000000e+00	8.995851e-01	
6.690000e+01	4.484783e-01	0.000000e+00	0.000000e+00	4.484783e-01	
6.700000e+01	4.471699e-01	0.000000e+00	0.000000e+00	4.471699e-01	
6.710000e+01	2.675203e+00	0.000000e+00	0.000000e+00	2.675203e+00	
6.720000e+01	8.891400e-01	0.000000e+00	0.000000e+00	8.891400e-01	
6.730000e+01	1.773114e+00	0.000000e+00	0.000000e+00	1.773114e+00	
6.740000e+01	8.839857e-01	0.000000e+00	0.000000e+00	8.839857e-01	
6.750000e+01	1.762851e+00	0.000000e+00	0.000000e+00	1.762851e+00	
6.760000e+01	8.788760e-01	0.000000e+00	0.000000e+00	8.788760e-01	
6.770000e+01	4.381688e-01	0.000000e+00	0.000000e+00	4.381688e-01	
6.780000e+01	0.000000e+00	0.000000e+00	0.000000e+00	0.000000e+00	
6.790000e+01	1.742588e+00	0.000000e+00	0.000000e+00	1.742588e+00	
6.800000e+01	8.687885e-01	0.000000e+00	0.000000e+00	8.687885e-01	
6.810000e+01	2.165735e+00	0.000000e+00	0.000000e+00	2.165735e+00	
6.820000e+01	8.638097e-01	0.000000e+00	0.000000e+00	8.638097e-01	
6.830000e+01	1.722673e+00	0.000000e+00	0.000000e+00	1.722673e+00	
6.840000e+01	1.717747e+00	0.000000e+00	0.000000e+00	1.717747e+00	
6.850000e+01	1.712843e+00	0.000000e+00	0.000000e+00	1.712843e+00	
6.860000e+01	0.000000e+00	0.000000e+00	0.000000e+00	0.000000e+00	
6.870000e+01	0.000000e+00	0.000000e+00	0.000000e+00	0.000000e+00	
6.880000e+01	1.698255e+00	0.000000e+00	0.000000e+00	1.698255e+00	
6.890000e+01	1.270076e+00	0.000000e+00	0.000000e+00	1.270076e+00	
6.900000e+01	4.221584e-01	0.000000e+00	0.000000e+00	4.221584e-01	
6.910000e+01	8.419268e-01	0.000000e+00	0.000000e+00	8.419268e-01	
6.920000e+01	0.000000e+00	0.000000e+00	0.000000e+00	0.000000e+00	
6.930000e+01	4.185883e-01	0.000000e+00	0.000000e+00	4.185883e-01	
6.940000e+01	1.252225e+00	0.000000e+00	0.000000e+00	1.252225e+00	
6.950000e+01	4.162335e-01	0.000000e+00	0.000000e+00	4.162335e-01	
6.960000e+01	8.301269e-01	0.000000e+00	0.000000e+00	8.301269e-01	
6.970000e+01	1.241695e+00	0.000000e+00	0.000000e+00	1.241695e+00	
6.980000e+01	1.650953e+00	0.000000e+00	0.000000e+00	1.650953e+00	
6.990000e+01	1.646331e+00	0.000000e+00	0.000000e+00	1.646331e+00	
7.000000e+01	8.208648e-01	0.000000e+00	0.000000e+00	8.208648e-01	
7.010000e+01	1.227860e+00	0.000000e+00	0.000000e+00	1.227860e+00	
7.020000e+01	1.632583e+00	0.000000e+00	0.000000e+00	1.632583e+00	
7.030000e+01	1.221029e+00	0.000000e+00	0.000000e+00	1.221029e+00	
7.040000e+01	8.117567e-01	0.000000e+00	0.000000e+00	8.117567e-01	
7.050000e+01	8.095034e-01	0.000000e+00	0.000000e+00	8.095034e-01	
7.060000e+01	8.072596e-01	0.000000e+00	0.000000e+00	8.072596e-01	
7.070000e+01	4.025124e-01	0.000000e+00	0.000000e+00	4.025124e-01	
7.080000e+01	4.013997e-01	0.000000e+00	0.000000e+00	4.013997e-01	
7.090000e+01	0.000000e+00	0.000000e+00	0.000000e+00	0.000000e+00	
7.100000e+01	1.995941e+00	0.000000e+00	0.000000e+00	1.995941e+00	
7.110000e+01	7.961785e-01	0.000000e+00	0.000000e+00	7.961785e-01	
7.120000e+01	3.969948e-01	0.000000e+00	0.000000e+00	3.969948e-01	
7.130000e+01	7.918099e-01	0.000000e+00	0.000000e+00	7.918099e-01	
7.140000e+01	7.896391e-01	0.000000e+00	0.000000e+00	7.896391e-01	
7.150000e+01	7.874771e-01	0.000000e+00	0.000000e+00	7.874771e-01	
7.160000e+01	3.926621e-01	0.000000e+00	0.000000e+00	3.926621e-01	
7.170000e+01	1.174770e+00	0.000000e+00	0.000000e+00	1.174770e+00	
7.180000e+01	1.171567e+00	0.000000e+00	0.000000e+00	1.171567e+00	
7.190000e+01	7.789177e-01	0.000000e+00	0.000000e+00	7.789177e-01	
7.200000e+01	3.883998e-01	0.000000e+00	0.000000e+00	3.883998e-01	
7.210000e+01	7.746903e-01	0.000000e+00	0.000000e+00	7.746903e-01	
7.220000e+01	1.545179e+00	0.000000e+00	0.000000e+00	1.545179e+00	
7.230000e+01	7.704970e-01	0.000000e+00	0.000000e+00	7.704970e-01	
7.240000e+01	2.305239e+00	0.000000e+00	0.000000e+00	2.305239e+00	
7.250000e+01	1.149507e+00	0.000000e+00	0.000000e+00	1.149507e+00	
7.260000e+01	7.642708e-01	0.000000e+00	0.000000e+00	7.642708e-01	
7.270000e+01	3.811060e-01	0.000000e+00	0.000000e+00	3.811060e-01	
7.280000e+01	7.601618e-01	0.000000e+00	0.000000e+00	7.601618e-01	
7.290000e+01	7.581197e-01	0.000000e+00	0.000000e+00	7.581197e-01	
7.300000e+01	1.134129e+00	0.000000e+00	0.000000e+00	1.134129e+00	
7.310000e+01	7.540603e-01	0.000000e+00	0.000000e+00	7.540603e-01	
7.320000e+01	1.128064e+00	0.000000e+00	0.000000e+00	1.128064e+00	
7.330000e+01	1.875083e+00	0.000000e+00	0.000000e+00	1.875083e+00	
7.340000e+01	7.480317e-01	0.000000e+00	0.000000e+00	7.480317e-01	
7.350000e+01	0.000000e+00	0.000000e+00	0.000000e+00	0.000000e+00	
7.360000e+01	1.488106e+00	0.000000e+00	0.000000e+00	1.488106e+00	
7.370000e+01	3.710376e-01	0.000000e+00	0.000000e+00	3.710376e-01	
7.380000e+01	7.401056e-01	0.000000e+00	0.000000e+00	7.401056e-01	
7.390000e+01	1.476288e+00	0.000000e+00	0.000000e+00	1.476288e+00	
7.400000e+01	2.208569e+00	0.000000e+00	0.000000e+00	2.208569e+00	
7.410000e+01	1.835609e+00	0.000000e+00	0.000000e+00	1.835609e+00	
7.420000e+01	3.661524e-01	0.000000e+00	0.000000e+00	3.661524e-01	
7.430000e+01	3.651870e-01	0.000000e+00	0.000000e+00	3.651870e-01	
7.440000e+01	7.284507e-01	0.000000e+00	0.000000e+00	7.284507e-01	
7.450000e+01	1.816337e+00	0.000000e+00	0.000000e+00	1.816337e+00	
7.460000e+01	1.086940e+00	0.000000e+00	0.000000e+00	1.086940e+00	
7.470000e+01	1.445452e+00	0.000000e+00	0.000000e+00	1.445452e+00	
7.480000e+01	7.208329e-01	0.000000e+00	0.000000e+00	7.208329e-01	
7.490000e+01	7.189471e-01	0.000000e+00	0.000000e+00	7.189471e-01	
7.500000e+01	7.170688e-01	0.000000e+00	0.000000e+00	7.170688e-01	
7.510000e+01	2.503192e+00	0.000000e+00	0.000000e+00	2.503192e+00	
7.520000e+01	7.133340e-01	0.000000e+00	0.000000e+00	7.133340e-01	
7.530000e+01	0.000000e+00	0.000000e+00	0.000000e+00	0.000000e+00	
7.540000e+01	2.483699e+00	0.000000e+00	0.000000e+00	2.483699e+00	
7.550000e+01	1.415573e+00	0.000000e+00	0.000000e+00	1.415573e+00	
7.560000e+01	3.529758e-01	0.000000e+00	0.000000e+00	3.529758e-01	
7.570000e+01	1.760310e+00	0.000000e+00	0.000000e+00	1.760310e+00	
7.580000e+01	1.053455e+00	0.000000e+00	0.000000e+00	1.053455e+00	
7.590000e+01	2.101469e+00	0.000000e+00	0.000000e+00	2.101469e+00	
7.600000e+01	3.493416e-01	0.000000e+00	0.000000e+00	3.493416e-01	
7.610000e+01	6.968836e-01	0.000000e+00	0.000000e+00	6.968836e-01	
7.620000e+01	2.432818e+00	0.000000e+00	0.000000e+00	2.432818e+00	
7.630000e+01	2.773221e+00	0.000000e+00	0.000000e+00	2.773221e+00	
7.640000e+01	2.420342e+00	0.000000e+00	0.000000e+00	2.420342e+00	
7.650000e+01	1.034632e+00	0.000000e+00	0.000000e+00	1.034632e+00	
7.660000e+01	6.879892e-01	0.000000e+00	0.000000e+00	6.879892e-01	
7.670000e+01	1.029346e+00	0.000000e+00	0.000000e+00	1.029346e+00	
7.680000e+01	1.026718e+00	0.000000e+00	0.000000e+00	1.026718e+00	
7.690000e+01	3.413670e-01	0.000000e+00	0.000000e+00	3.413670e-01	
7.700000e+01	1.361991e+00	0.000000e+00	0.000000e+00	1.361991e+00	
7.710000e+01	1.698160e+00	0.000000e+00	0.000000e+00	1.698160e+00	
7.720000e+01	6.775388e-01	0.000000e+00	0.000000e+00	6.775388e-01	
7.730000e+01	3.379101e-01	0.000000e+00	0.000000e+00	3.379101e-01	
7.740000e+01	6.741083e-01	0.000000e+00	0.000000e+00	6.741083e-01	
7.750000e+01	6.724028e-01	0.000000e+00	0.000000e+00	6.724028e-01	
7.760000e+01	1.341408e+00	0.000000e+00	0.000000e+00	1.341408e+00	
7.770000e+01	1.338022e+00	0.000000e+00	0.000000e+00	1.338022e+00	
7.780000e+01	1.668312e+00	0.000000e+00	0.000000e+00	1.668312e+00	
7.790000e+01	1.331290e+00	0.000000e+00	0.000000e+00	1.331290e+00	
7.800000e+01	2.323900e+00	0.000000e+00	0.000000e+00	2.323900e+00	
7.810000e+01	6.623043e-01	0.000000e+00	0.000000e+00	6.623043e-01	
7.820000e+01	0.000000e+00	0.000000e+00	0.000000e+00	0.000000e+00	
7.830000e+01	9.884828e-01	0.000000e+00	0.000000e+00	9.884828e-01	
7.840000e+01	6.573401e-01	0.000000e+00	0.000000e+00	6.573401e-01	
7.850000e+01	1.311396e+00	0.000000e+00	0.000000e+00	1.311396e+00	
7.860000e+01	9.810925e-01	0.000000e+00	0.000000e+00	9.810925e-01	
7.870000e+01	1.631079e+00	0.000000e+00	0.000000e+00	1.631079e+00	
7.880000e+01	3.254037e-01	0.000000e+00	0.000000e+00	3.254037e-01	
7.890000e+01	9.737844e-01	0.000000e+00	0.000000e+00	9.737844e-01	
7.900000e+01	3.237889e-01	0.000000e+00	0.000000e+00	3.237889e-01	
7.910000e+01	6.459719e-01	0.000000e+00	0.000000e+00	6.459719e-01	
7.920000e+01	1.933116e+00	0.000000e+00	0.000000e+00	1.933116e+00	
7.930000e+01	1.285556e+00	0.000000e+00	0.000000e+00	1.285556e+00	
7.940000e+01	9.617847e-01	0.000000e+00	0.000000e+00	9.617847e-01	
7.950000e+01	1.918823e+00	0.000000e+00	0.000000e+00	1.918823e+00	
7.960000e+01	6.380314e-01	0.000000e+00	0.000000e+00	6.380314e-01	
7.970000e+01	1.591152e+00	0.000000e+00	0.000000e+00	1.591152e+00	
7.980000e+01	1.587240e+00	0.000000e+00	0.000000e+00	1.587240e+00	
7.990000e+01	1.266674e+00	0.000000e+00	0.000000e+00	1.266674e+00	
8.000000e+01	6.317838e-01	0.000000e+00	0.000000e+00	6.317838e-01	
8.010000e+01	6.302363e-01	0.000000e+00	0.000000e+00	6.302363e-01	
8.020000e+01	1.257389e+00	0.000000e+00	0.000000e+00	1.257389e+00	
8.030000e+01	1.254316e+00	0.000000e+00	0.000000e+00	1.254316e+00	
8.040000e+01	9.384414e-01	0.000000e+00	0.000000e+00	9.384414e-01	
8.050000e+01	6.241026e-01	0.000000e+00	0.000000e+00	6.241026e-01	
8.060000e+01	3.112916e-01	0.000000e+00	0.000000e+00	3.112916e-01	
8.070000e+01	2.173742e+00	0.000000e+00	0.000000e+00	2.173742e+00	
8.080000e+01	1.858683e+00	0.000000e+00	0.000000e+00	1.858683e+00	
8.090000e+01	9.270870e-01	0.000000e+00	0.000000e+00	9.270870e-01	
8.100000e+01	0.000000e+00	0.000000e+00	0.000000e+00	0.000000e+00	
8.110000e+01	1.230137e+00	0.000000e+00	0.000000e+00	1.230137e+00	
8.120000e+01	3.067910e-01	0.000000e+00	0.000000e+00	3.067910e-01	
8.130000e+01	3.060504e-01	0.000000e+00	0.000000e+00	3.060504e-01	
8.140000e+01	9.159375e-01	0.000000e+00	0.000000e+00	9.159375e-01	
8.150000e+01	2.436618e+00	0.000000e+00	0.000000e+00	2.436618e+00	
8.160000e+01	3.038447e-01	0.000000e+00	0.000000e+00	3.038447e-01	
8.170000e+01	3.031147e-01	0.000000e+00	0.000000e+00	3.031147e-01	
8.180000e+01	3.023874e-01	0.000000e+00	0.000000e+00	3.023874e-01	
8.190000e+01	9.049880e-01	0.000000e+00	0.000000e+00	9.049880e-01	
8.200000e+01	9.028217e-01	0.000000e+00	0.000000e+00	9.028217e-01	
8.210000e+01	1.501105e+00	0.000000e+00	0.000000e+00	1.501105e+00	
8.220000e+01	2.695537e+00	0.000000e+00	0.000000e+00	2.695537e+00	
8.230000e+01	8.963691e-01	0.000000e+00	0.000000e+00	8.963691e-01	
8.240000e+01	1.192312e+00	0.000000e+00	0.000000e+00	1.192312e+00	
8.250000e+01	1.189474e+00	0.000000e+00	0.000000e+00	1.189474e+00	
8.260000e+01	8.899856e-01	0.000000e+00	0.000000e+00	8.899856e-01	
8.270000e+01	1.183830e+00	0.000000e+00	0.000000e+00	1.183830e+00	
8.280000e+01	2.952558e-01	0.000000e+00	0.000000e+00	2.952558e-01	
8.290000e+01	5.891132e-01	0.000000e+00	0.000000e+00	5.891132e-01	
8.300000e+01	8.815796e-01	0.000000e+00	0.000000e+00	8.815796e-01	
8.310000e+01	8.794968e-01	0.000000e+00	0.000000e+00	8.794968e-01	
8.320000e+01	1.169895e+00	0.000000e+00	0.000000e+00	1.169895e+00	
8.330000e+01	1.750706e+00	0.000000e+00	0.000000e+00	1.750706e+00	
8.340000e+01	8.732921e-01	0.000000e+00	0.000000e+00	8.732921e-01	
8.350000e+01	2.904128e-01	0.000000e+00	0.000000e+00	2.904128e-01	
8.360000e+01	2.028115e+00	0.000000e+00	0.000000e+00	2.028115e+00	
8.370000e+01	2.023357e+00	0.000000e+00	0.000000e+00	2.023357e+00	
8.380000e+01	1.730242e+00	0.000000e+00	0.000000e+00	1.730242e+00	
8.390000e+01	2.013891e+00	0.000000e+00	0.000000e+00	2.013891e+00	
8.400000e+01	1.148105e+00	0.000000e+00	0.000000e+00	1.148105e+00	
8.410000e+01	1.718136e+00	0.000000e+00	0.000000e+00	1.718136e+00	
8.420000e+01	5.713760e-01	0.000000e+00	0.000000e+00	5.713760e-01	
8.430000e+01	5.700449e-01	0.000000e+00	0.000000e+00	5.700449e-01	
8.440000e+01	5.687185e-01	0.000000e+00	0.000000e+00	5.687185e-01	
8.450000e+01	8.510950e-01	0.000000e+00	0.000000e+00	8.510950e-01	
8.460000e+01	8.491192e-01	0.000000e+00	0.000000e+00	8.491192e-01	
8.470000e+01	1.411917e+00	0.000000e+00	0.000000e+00	1.411917e+00	
8.480000e+01	8.451880e-01	0.000000e+00	0.000000e+00	8.451880e-01	
8.490000e+01	5.621551e-01	0.000000e+00	0.000000e+00	5.621551e-01	
8.500000e+01	0.000000e+00	0.000000e+00	0.000000e+00	0.000000e+00	
8.510000e+01	1.119123e+00	0.000000e+00	0.000000e+00	1.119123e+00	
8.520000e+01	8.374072e-01	0.000000e+00	0.000000e+00	8.374072e-01	
8.530000e+01	8.354789e-01	0.000000e+00	0.000000e+00	8.354789e-01	
8.540000e+01	8.335571e-01	0.000000e+00	0.000000e+00	8.335571e-01	
8.550000e+01	5.544280e-01	0.000000e+00	0.000000e+00	5.544280e-01	
8.560000e+01	8.297336e-01	0.000000e+00	0.000000e+00	8.297336e-01	
8.570000e+01	8.278314e-01	0.000000e+00	0.000000e+00	8.278314e-01	
8.580000e+01	1.376560e+00	0.000000e+00	0.000000e+00	1.376560e+00	
8.590000e+01	8.240472e-01	0.000000e+00	0.000000e+00	8.240472e-01	
8.600000e+01	1.644329e+00	0.000000e+00	0.000000e+00	1.644329e+00	
8.610000e+01	8.202888e-01	0.000000e+00	0.000000e+00	8.202888e-01	
8.620000e+01	1.091225e+00	0.000000e+00	0.000000e+00	1.091225e+00	
8.630000e+01	5.443705e-01	0.000000e+00	0.000000e+00	5.443705e-01	
8.640000e+01	8.146990e-01	0.000000e+00	0.000000e+00	8.146990e-01	
8.650000e+01	2.167596e+00	0.000000e+00	0.000000e+00	2.167596e+00	
8.660000e+01	2.703348e-01	0.000000e+00	0.000000e+00	2.703348e-01	
8.670000e+01	1.348610e+00	0.000000e+00	0.000000e+00	1.348610e+00	
8.680000e+01	5.382230e-01	0.000000e+00	0.000000e+00	5.382230e-01	
8.690000e+01	1.611018e+00	0.000000e+00	0.000000e+00	1.611018e+00	
8.700000e+01	5.357932e-01	0.000000e+00	0.000000e+00	5.357932e-01	
8.710000e+01	2.138338e+00	0.000000e+00	0.000000e+00	2.138338e+00	
8.720000e+01	1.866829e+00	0.000000e+00	0.000000e+00	1.866829e+00	
8.730000e+01	5.321790e-01	0.000000e+00	0.000000e+00	5.321790e-01	
8.740000e+01	1.592947e+00	0.000000e+00	0.000000e+00	1.592947e+00	
8.750000e+01	1.589370e+00	0.000000e+00	0.000000e+00	1.589370e+00	
8.760000e+01	7.929021e-01	0.000000e+00	0.000000e+00	7.929021e-01	
8.770000e+01	1.054834e+00	0.000000e+00	0.000000e+00	1.054834e+00	
8.780000e+01	1.052472e+00	0.000000e+00	0.000000e+00	1.052472e+00	
8.790000e+01	1.050119e+00	0.000000e+00	0.000000e+00	1.050119e+00	
8.800000e+01	1.047774e+00	0.000000e+00	0.000000e+00	1.047774e+00	
8.810000e+01	2.613592e-01	0.000000e+00	0.000000e+00	2.613592e-01	
8.820000e+01	7.823300e-01	0.000000e+00	0.000000e+00	7.823300e-01	
8.830000e+01	2.601962e+00	0.000000e+00	0.000000e+00	2.601962e+00	
8.840000e+01	1.298088e+00	0.000000e+00	0.000000e+00	1.298088e+00	
8.850000e+01	1.554247e+00	0.000000e+00	0.000000e+00	1.554247e+00	
8.860000e+01	1.550799e+00	0.000000e+00	0.000000e+00	1.550799e+00	
8.870000e+01	2.578936e-01	0.000000e+00	0.000000e+00	2.578936e-01	
8.880000e+01	1.029291e+00	0.000000e+00	0.000000e+00	1.029291e+00	
8.890000e+01	1.797276e+00	0.000000e+00	0.000000e+00	1.797276e+00	
8.900000e+01	1.024747e+00	0.000000e+00	0.000000e+00	1.024747e+00	
8.910000e+01	7.668644e-01	0.000000e+00	0.000000e+00	7.668644e-01	
8.920000e+01	5.101162e-01	0.000000e+00	0.000000e+00	5.101162e-01	
8.930000e+01	5.089932e-01	0.000000e+00	0.000000e+00	5.089932e-01	
8.940000e+01	1.015748e+00	0.000000e+00	0.000000e+00	1.015748e+00	
8.950000e+01	5.067583e-01	0.000000e+00	0.000000e+00	5.067583e-01	
8.960000e+01	1.011293e+00	0.000000e+00	0.000000e+00	1.011293e+00	
8.970000e+01	7.568071e-01	0.000000e+00	0.000000e+00	7.568071e-01	
8.980000e+01	1.762017e+00	0.000000e+00	0.000000e+00	1.762017e+00	
8.990000e+01	1.255831e+00	0.000000e+00	0.000000e+00	1.255831e+00	
9.000000e+01	1.253088e+00	0.000000e+00	0.000000e+00	1.253088e+00	
9.010000e+01	2.500707e-01	0.000000e+00	0.000000e+00	2.500707e-01	
9.020000e+01	9.981021e-01	0.000000e+00	0.000000e+00	9.981021e-01	
9.030000e+01	1.493893e+00	0.000000e+00	0.000000e+00	1.493893e+00	
9.040000e+01	4.968813e-01	0.000000e+00	0.000000e+00	4.968813e-01	
9.050000e+01	9.916035e-01	0.000000e+00	0.000000e+00	9.916035e-01	
9.060000e+01	7.420885e-01	0.000000e+00	0.000000e+00	7.420885e-01	
9.070000e+01	9.873060e-01	0.000000e+00	0.000000e+00	9.873060e-01	
9.080000e+01	9.851679e-01	0.000000e+00	0.000000e+00	9.851679e-01	
9.090000e+01	4.915183e-01	0.000000e+00	0.000000e+00	4.915183e-01	
9.100000e+01	4.904562e-01	0.000000e+00	0.000000e+00	4.904562e-01	
9.110000e+01	1.468192e+00	0.000000e+00	0.000000e+00	1.468192e+00	
9.120000e+01	1.220855e+00	0.000000e+00	0.000000e+00	1.220855e+00	
9.130000e+01	9.745805e-01	0.000000e+00	0.000000e+00	9.745805e-01	
9.140000e+01	1.215604e+00	0.000000e+00	0.000000e+00	1.215604e+00	
9.150000e+01	7.277950e-01	0.000000e+00	0.000000e+00	7.277950e-01	
9.160000e+01	7.262324e-01	0.000000e+00	0.000000e+00	7.262324e-01	
9.170000e+01	1.690907e+00	0.000000e+00	0.000000e+00	1.690907e+00	
9.180000e+01	1.205204e+00	0.000000e+00	0.000000e+00	1.205204e+00	
9.190000e+01	4.810497e-01	0.000000e+00	0.000000e+00	4.810497e-01	
9.200000e+01	1.440064e+00	0.000000e+00	0.000000e+00	1.440064e+00	
9.210000e+01	4.789961e-01	0.000000e+00	0.000000e+00	4.789961e-01	
9.220000e+01	1.194936e+00	0.000000e+00	0.000000e+00	1.194936e+00	
9.230000e+01	4.769557e-01	0.000000e+00	0.000000e+00	4.769557e-01	
9.240000e+01	4.759403e-01	0.000000e+00	0.000000e+00	4.759403e-01	
9.250000e+01	1.424785e+00	0.000000e+00	0.000000e+00	1.424785e+00	
9.260000e+01	7.108790e-01	0.000000e+00	0.000000e+00	7.108790e-01	
9.270000e+01	4.729137e-01	0.000000e+00	0.000000e+00	4.729137e-01	
9.280000e+01	1.179778e+00	0.000000e+00	0.000000e+00	1.179778e+00	
9.290000e+01	1.412736e+00	0.000000e+00	0.000000e+00	1.412736e+00	
9.300000e+01	4.699158e-01	0.000000e+00	0.000000e+00	4.699158e-01	
9.310000e+01	1.172307e+00	0.000000e+00	0.000000e+00	1.172307e+00	
9.320000e+01	7.018995e-01	0.000000e+00	0.000000e+00	7.018995e-01	
9.330000e+01	2.334732e-01	0.000000e+00	0.000000e+00	2.334732e-01	
9.340000e+01	9.319256e-01	0.000000e+00	0.000000e+00	9.319256e-01	
9.350000e+01	1.394947e+00	0.000000e+00	0.000000e+00	1.394947e+00	
9.360000e+01	6.960075e-01	0.000000e+00	0.000000e+00	6.960075e-01	
9.370000e+01	1.620607e+00	0.000000e+00	0.000000e+00	1.620607e+00	
9.380000e+01	2.079268e+00	0.000000e+00	0.000000e+00	2.079268e+00	
9.390000e+01	6.916369e-01	0.000000e+00	0.000000e+00	6.916369e-01	
9.400000e+01	6.901892e-01	0.000000e+00	0.000000e+00	6.901892e-01	
9.410000e+01	4.591641e-01	0.000000e+00	0.000000e+00	4.591641e-01	
9.420000e+01	1.145512e+00	0.000000e+00	0.000000e+00	1.145512e+00	
9.430000e+01	1.828995e+00	0.000000e+00	0.000000e+00	1.828995e+00	
9.440000e+01	4.562958e-01	0.000000e+00	0.000000e+00	4.562958e-01	
9.450000e+01	9.106914e-01	0.000000e+00	0.000000e+00	9.106914e-01	
9.460000e+01	9.087971e-01	0.000000e+00	0.000000e+00	9.087971e-01	
9.470000e+01	9.069085e-01	0.000000e+00	0.000000e+00	9.069085e-01	
9.480000e+01	9.050261e-01	0.000000e+00	0.000000e+00	9.050261e-01	
9.490000e+01	6.773621e-01	0.000000e+00	0.000000e+00	6.773621e-01	
9.500000e+01	6.759590e-01	0.000000e+00	0.000000e+00	6.759590e-01	
9.510000e+01	1.124267e+00	0.000000e+00	0.000000e+00	1.124267e+00	
9.520000e+01	1.346331e+00	0.000000e+00	0.000000e+00	1.346331e+00	
9.530000e+01	1.343551e+00	0.000000e+00	0.000000e+00	1.343551e+00	
9.540000e+01	2.234632e+00	0.000000e+00	0.000000e+00	2.234632e+00	
9.550000e+01	6.690083e-01	0.000000e+00	0.000000e+00	6.690083e-01	
9.560000e+01	1.112718e+00	0.000000e+00	0.000000e+00	1.112718e+00	
9.570000e+01	2.220860e-01	0.000000e+00	0.000000e+00	2.220860e-01	
9.580000e+01	8.865188e-01	0.000000e+00	0.000000e+00	8.865188e-01	
9.590000e+01	2.211749e+00	0.000000e+00	0.000000e+00	2.211749e+00	
9.600000e+01	4.414428e-01	0.000000e+00	0.000000e+00	4.414428e-01	
9.610000e+01	1.982424e+00	0.000000e+00	0.000000e+00	1.982424e+00	
9.620000e+01	1.538731e+00	0.000000e+00	0.000000e+00	1.538731e+00	
9.630000e+01	1.096847e+00	0.000000e+00	0.000000e+00	1.096847e+00	
9.640000e+01	8.756858e-01	0.000000e+00	0.000000e+00	8.756858e-01	
9.650000e+01	8.738996e-01	0.000000e+00	0.000000e+00	8.738996e-01	
9.660000e+01	8.721188e-01	0.000000e+00	0.000000e+00	8.721188e-01	
9.670000e+01	1.740687e+00	0.000000e+00	0.000000e+00	1.740687e+00	
9.680000e+01	1.302860e+00	0.000000e+00	0.000000e+00	1.302860e+00	
9.690000e+01	1.516916e+00	0.000000e+00	0.000000e+00	1.516916e+00	
9.700000e+01	1.081313e+00	0.000000e+00	0.000000e+00	1.081313e+00	
9.710000e+01	8.632963e-01	0.000000e+00	0.000000e+00	8.632963e-01	
9.720000e+01	6.461608e-01	0.000000e+00	0.000000e+00	6.461608e-01	
9.730000e+01	1.289707e+00	0.000000e+00	0.000000e+00	1.289707e+00	
9.740000e+01	4.290334e-01	0.000000e+00	0.000000e+00	4.290334e-01	
9.750000e+01	1.070418e+00	0.000000e+00	0.000000e+00	1.070418e+00	
9.760000e+01	0.000000e+00	0.000000e+00	0.000000e+00	0.000000e+00	
9.770000e+01	1.492548e+00	0.000000e+00	0.000000e+00	1.492548e+00	
9.780000e+01	1.063960e+00	0.000000e+00	0.000000e+00	1.063960e+00	
9.790000e+01	1.061820e+00	0.000000e+00	0.000000e+00	1.061820e+00	
9.800000e+01	8.477494e-01	0.000000e+00	0.000000e+00	8.477494e-01	
9.810000e+01	6.345360e-01	0.000000e+00	0.000000e+00	6.345360e-01	
9.820000e+01	2.110879e-01	0.000000e+00	0.000000e+00	2.110879e-01	
9.830000e+01	4.213302e-01	0.000000e+00	0.000000e+00	4.213302e-01	
9.840000e+01	1.471705e+00	0.000000e+00	0.000000e+00	1.471705e+00	
9.850000e+01	1.049116e+00	0.000000e+00	0.000000e+00	1.049116e+00	
9.860000e+01	1.465830e+00	0.000000e+00	0.000000e+00	1.465830e+00	
9.870000e+01	1.462905e+00	0.000000e+00	0.000000e+00	1.462905e+00	
9.880000e+01	1.042850e+00	0.000000e+00	0.000000e+00	1.042850e+00	
9.890000e+01	1.040774e+00	0.000000e+00	0.000000e+00	1.040774e+00	
9.900000e+01	1.246444e+00	0.000000e+00	0.000000e+00	1.246444e+00	
9.910000e+01	6.219836e-01	0.000000e+00	0.000000e+00	6.219836e-01	
9.920000e+01	1.241498e+00	0.000000e+00	0.000000e+00	1.241498e+00	
9.930000e+01	8.260239e-01	0.000000e+00	0.000000e+00	8.260239e-01	
9.940000e+01	1.442678e+00	0.000000e+00	0.000000e+00	1.442678e+00	
9.950000e+01	1.234134e+00	0.000000e+00	0.000000e+00	1.234134e+00	
9.960000e+01	6.158468e-01	0.000000e+00	0.000000e+00	6.158468e-01	
9.970000e+01	8.195069e-01	0.000000e+00	0.000000e+00	8.195069e-01	
9.980000e+01	1.226835e+00	0.000000e+00	0.000000e+00	1.226835e+00	
9.990000e+01	1.224416e+00	0.000000e+00	0.000000e+00	1.224416e+00	
1.000000e+02	8.146698e-01	0.000000e+00	0.000000e+00	8.146698e-01	
1.001000e+02	1.016334e+00	0.000000e+00	0.000000e+00	1.016334e+00	
1.002000e+02	1.014336e+00	0.000000e+00	0.000000e+00	1.014336e+00	
1.003000e+02	8.098752e-01	0.000000e+00	0.000000e+00	8.098752e-01	
1.004000e+02	2.020716e+00	0.000000e+00	0.000000e+00	2.020716e+00	
1.005000e+02	1.008378e+00	0.000000e+00	0.000000e+00	1.008378e+00	
1.006000e+02	1.207684e+00	0.000000e+00	0.000000e+00	1.207684e+00	
1.007000e+02	8.035480e-01	0.000000e+00	0.000000e+00	8.035480e-01	
1.008000e+02	6.014834e-01	0.000000e+00	0.000000e+00	6.014834e-01	
1.009000e+02	1.200619e+00	0.000000e+00	0.000000e+00	1.200619e+00	
1.010000e+02	7.988513e-01	0.000000e+00	0.000000e+00	7.988513e-01	
1.011000e+02	7.972949e-01	0.000000e+00	0.000000e+00	7.972949e-01	
1.012000e+02	9.946786e-01	0.000000e+00	0.000000e+00	9.946786e-01	
1.013000e+02	7.941955e-01	0.000000e+00	0.000000e+00	7.941955e-01	
1.014000e+02	1.188979e+00	0.000000e+00	0.000000e+00	1.188979e+00	
1.015000e+02	1.186671e+00	0.000000e+00	0.000000e+00	1.186671e+00	
1.016000e+02	9.869755e-01	0.000000e+00	0.000000e+00	9.869755e-01	
1.017000e+02	7.880509e-01	0.000000e+00	0.000000e+00	7.880509e-01	
1.018000e+02	9.831573e-01	0.000000e+00	0.000000e+00	9.831573e-01	
1.019000e+02	1.373759e+00	0.000000e+00	0.000000e+00	1.373759e+00	
1.020000e+02	2.350467e+00	0.000000e+00	0.000000e+00	2.350467e+00	
1.021000e+02	1.368460e+00	0.000000e+00	0.000000e+00	1.368460e+00	
1.022000e+02	7.804698e-01	0.000000e+00	0.000000e+00	7.804698e-01	
1.023000e+02	3.894834e-01	0.000000e+00	0.000000e+00	3.894834e-01	
1.024000e+02	9.718351e-01	0.000000e+00	0.000000e+00	9.718351e-01	
1.025000e+02	3.879868e-01	0.000000e+00	0.000000e+00	3.879868e-01	
1.026000e+02	9.681045e-01	0.000000e+00	0.000000e+00	9.681045e-01	
1.027000e+02	7.729977e-01	0.000000e+00	0.000000e+00	7.729977e-01	
1.028000e+02	1.157274e+00	0.000000e+00	0.000000e+00	1.157274e+00	
1.029000e+02	5.775292e-01	0.000000e+00	0.000000e+00	5.775292e-01	
1.030000e+02	1.152849e+00	0.000000e+00	0.000000e+00	1.152849e+00	
1.031000e+02	5.753228e-01	0.000000e+00	0.000000e+00	5.753228e-01	
1.032000e+02	1.148449e+00	0.000000e+00	0.000000e+00	1.148449e+00	
1.033000e+02	1.719387e+00	0.000000e+00	0.000000e+00	1.719387e+00	
1.034000e+02	7.627157e-01	0.000000e+00	0.000000e+00	7.627157e-01	
1.035000e+02	5.709478e-01	0.000000e+00	0.000000e+00	5.709478e-01	
1.036000e+02	3.799078e-01	0.000000e+00	0.000000e+00	3.799078e-01	
1.037000e+02	9.479648e-01	0.000000e+00	0.000000e+00	9.479648e-01	
1.038000e+02	9.461651e-01	0.000000e+00	0.000000e+00	9.461651e-01	
1.039000e+02	1.888741e-01	0.000000e+00	0.000000e+00	1.888741e-01	
1.040000e+02	1.885162e-01	0.000000e+00	0.000000e+00	1.885162e-01	
1.041000e+02	3.763188e-01	0.000000e+00	0.000000e+00	3.763188e-01	
1.042000e+02	1.314625e+00	0.000000e+00	0.000000e+00	1.314625e+00	
1.043000e+02	7.497946e-01	0.000000e+00	0.000000e+00	7.497946e-01	
1.044000e+02	7.483793e-01	0.000000e+00	0.000000e+00	7.483793e-01	
1.045000e+02	1.867420e-01	0.000000e+00	0.000000e+00	1.867420e-01	
1.046000e+02	9.319507e-01	0.000000e+00	0.000000e+00	9.319507e-01	
1.047000e+02	7.441571e-01	0.000000e+00	0.000000e+00	7.441571e-01	
1.048000e+02	9.284471e-01	0.000000e+00	0.000000e+00	9.284471e-01	
1.049000e+02	9.267027e-01	0.000000e+00	0.000000e+00	9.267027e-01	
1.050000e+02	1.664934e+00	0.000000e+00	0.000000e+00	1.664934e+00	
1.051000e+02	1.292520e+00	0.000000e+00	0.000000e+00	1.292520e+00	
1.052000e+02	1.290098e+00	0.000000e+00	0.000000e+00	1.290098e+00	
1.053000e+02	1.287684e+00	0.000000e+00	0.000000e+00	1.287684e+00	
1.054000e+02	1.652497e+00	0.000000e+00	0.000000e+00	1.652497e+00	
1.055000e+02	9.163389e-01	0.000000e+00	0.000000e+00	9.163389e-01	
1.056000e+02	1.463406e+00	0.000000e+00	0.000000e+00	1.463406e+00	
1.057000e+02	1.095507e+00	0.000000e+00	0.000000e+00	1.095507e+00	
1.058000e+02	9.112221e-01	0.000000e+00	0.000000e+00	9.112221e-01	
1.059000e+02	1.455242e+00	0.000000e+00	0.000000e+00	1.455242e+00	
1.060000e+02	1.089402e+00	0.000000e+00	0.000000e+00	1.089402e+00	
1.061000e+02	3.624592e-01	0.000000e+00	0.000000e+00	3.624592e-01	
1.062000e+02	9.044660e-01	0.000000e+00	0.000000e+00	9.044660e-01	
1.063000e+02	7.222310e-01	0.000000e+00	0.000000e+00	7.222310e-01	
1.064000e+02	1.261563e+00	0.000000e+00	0.000000e+00	1.261563e+00	
1.065000e+02	1.798897e+00	0.000000e+00	0.000000e+00	1.798897e+00	
1.066000e+02	1.077342e+00	0.000000e+00	0.000000e+00	1.077342e+00	
1.067000e+02	1.254577e+00	0.000000e+00	0.000000e+00	1.254577e+00	
1.068000e+02	1.788944e-01	0.000000e+00	0.000000e+00	1.788944e-01	
1.069000e+02	7.142580e-01	0.000000e+00	0.000000e+00	7.142580e-01	
1.070000e+02	1.069413e+00	0.000000e+00	0.000000e+00	1.069413e+00	
1.071000e+02	7.116297e-01	0.000000e+00	0.000000e+00	7.116297e-01	
1.072000e+02	8.879010e-01	0.000000e+00	0.000000e+00	8.879010e-01	
1.073000e+02	8.862697e-01	0.000000e+00	0.000000e+00	8.862697e-01	
1.074000e+02	8.846428e-01	0.000000e+00	0.000000e+00	8.846428e-01	
1.075000e+02	8.830203e-01	0.000000e+00	0.000000e+00	8.830203e-01	
1.076000e+02	5.288414e-01	0.000000e+00	0.000000e+00	5.288414e-01	
1.077000e+02	7.038310e-01	0.000000e+00	0.000000e+00	7.038310e-01	
1.078000e+02	1.229451e+00	0.000000e+00	0.000000e+00	1.229451e+00	
1.079000e+02	7.012600e-01	0.000000e+00	0.000000e+00	7.012600e-01	
1.080000e+02	8.749746e-01	0.000000e+00	0.000000e+00	8.749746e-01	
1.081000e+02	1.048054e+00	0.000000e+00	0.000000e+00	1.048054e+00	
1.082000e+02	1.046144e+00	0.000000e+00	0.000000e+00	1.046144e+00	
1.083000e+02	8.701999e-01	0.000000e+00	0.000000e+00	8.701999e-01	
1.084000e+02	1.216064e+00	0.000000e+00	0.000000e+00	1.216064e+00	
1.085000e+02	6.936307e-01	0.000000e+00	0.000000e+00	6.936307e-01	
1.086000e+02	6.923713e-01	0.000000e+00	0.000000e+00	6.923713e-01	
1.087000e+02	1.209452e+00	0.000000e+00	0.000000e+00	1.209452e+00	
1.088000e+02	1.034794e+00	0.000000e+00	0.000000e+00	1.034794e+00	
1.089000e+02	1.032920e+00	0.000000e+00	0.000000e+00	1.032920e+00	
1.090000e+02	8.592097e-01	0.000000e+00	0.000000e+00	8.592097e-01	
1.091000e+02	1.372251e+00	0.000000e+00	0.000000e+00	1.372251e+00	
1.092000e+02	1.027329e+00	0.000000e+00	0.000000e+00	1.027329e+00	
1.093000e+02	8.545631e-01	0.000000e+00	0.000000e+00	8.545631e-01	
1.094000e+02	8.530227e-01	0.000000e+00	0.000000e+00	8.530227e-01	
1.095000e+02	1.192081e+00	0.000000e+00	0.000000e+00	1.192081e+00	
1.096000e+02	1.359927e+00	0.000000e+00	0.000000e+00	1.359927e+00	
1.097000e+02	6.787410e-01	0.000000e+00	0.000000e+00	6.787410e-01	
1.098000e+02	1.693805e-01	0.000000e+00	0.000000e+00	1.693805e-01	
1.099000e+02	5.072296e-01	0.000000e+00	0.000000e+00	5.072296e-01	
1.100000e+02	1.012640e+00	0.000000e+00	0.000000e+00	1.012640e+00	
1.101000e+02	5.054132e-01	0.000000e+00	0.000000e+00	5.054132e-01	
1.102000e+02	1.681695e+00	0.000000e+00	0.000000e+00	1.681695e+00	
1.103000e+02	5.036065e-01	0.000000e+00	0.000000e+00	5.036065e-01	
1.104000e+02	8.378447e-01	0.000000e+00	0.000000e+00	8.378447e-01	
1.105000e+02	8.363492e-01	0.000000e+00	0.000000e+00	8.363492e-01	
1.106000e+02	6.678862e-01	0.000000e+00	0.000000e+00	6.678862e-01	
1.107000e+02	1.000044e+00	0.000000e+00	0.000000e+00	1.000044e+00	
1.108000e+02	4.991320e-01	0.000000e+00	0.000000e+00	4.991320e-01	
1.109000e+02	1.162570e+00	0.000000e+00	0.000000e+00	1.162570e+00	
1.110000e+02	9.947178e-01	0.000000e+00	0.000000e+00	9.947178e-01	
1.111000e+02	8.274598e-01	0.000000e+00	0.000000e+00	8.274598e-01	
1.112000e+02	1.156389e+00	0.000000e+00	0.000000e+00	1.156389e+00	
1.113000e+02	9.894338e-01	0.000000e+00	0.000000e+00	9.894338e-01	
1.114000e+02	6.584545e-01	0.000000e+00	0.000000e+00	6.584545e-01	
1.115000e+02	9.859344e-01	0.000000e+00	0.000000e+00	9.859344e-01	
1.116000e+02	1.804352e+00	0.000000e+00	0.000000e+00	1.804352e+00	
1.117000e+02	9.824536e-01	0.000000e+00	0.000000e+00	9.824536e-01	
1.118000e+02	1.307627e+00	0.000000e+00	0.000000e+00	1.307627e+00	
1.119000e+02	8.158261e-01	0.000000e+00	0.000000e+00	8.158261e-01	
1.120000e+02	1.140145e+00	0.000000e+00	0.000000e+00	1.140145e+00	
1.121000e+02	1.951094e+00	0.000000e+00	0.000000e+00	1.951094e+00	
1.122000e+02	3.246106e-01	0.000000e+00	0.000000e+00	3.246106e-01	
1.123000e+02	8.101009e-01	0.000000e+00	0.000000e+00	8.101009e-01	
1.124000e+02	6.469433e-01	0.000000e+00	0.000000e+00	6.469433e-01	
1.125000e+02	4.843566e-01	0.000000e+00	0.000000e+00	4.843566e-01	
1.126000e+02	3.223387e-01	0.000000e+00	0.000000e+00	3.223387e-01	
1.127000e+02	9.653231e-01	0.000000e+00	0.000000e+00	9.653231e-01	
1.128000e+02	2.087875e+00	0.000000e+00	0.000000e+00	2.087875e+00	
1.129000e+02	9.619509e-01	0.000000e+00	0.000000e+00	9.619509e-01	
1.130000e+02	9.602714e-01	0.000000e+00	0.000000e+00	9.602714e-01	
1.131000e+02	1.118362e+00	0.000000e+00	0.000000e+00	1.118362e+00	
1.132000e+02	9.569254e-01	0.000000e+00	0.000000e+00	9.569254e-01	
1.133000e+02	1.114469e+00	0.000000e+00	0.000000e+00	1.114469e+00	
1.134000e+02	7.946641e-01	0.000000e+00	0.000000e+00	7.946641e-01	
1.135000e+02	9.519393e-01	0.000000e+00	0.000000e+00	9.519393e-01	
1.136000e+02	9.502859e-01	0.000000e+00	0.000000e+00	9.502859e-01	
1.137000e+02	4.743184e-01	0.000000e+00	0.000000e+00	4.743184e-01	
1.138000e+02	9.469920e-01	0.000000e+00	0.000000e+00	9.469920e-01	
1.139000e+02	6.302344e-01	0.000000e+00	0.000000e+00	6.302344e-01	
1.140000e+02	1.101001e+00	0.000000e+00	0.000000e+00	1.101001e+00	
1.141000e+02	9.420832e-01	0.000000e+00	0.000000e+00	9.420832e-01	
1.142000e+02	1.410683e+00	0.000000e+00	0.000000e+00	1.410683e+00	
1.143000e+02	1.564720e+00	0.000000e+00	0.000000e+00	1.564720e+00	
1.144000e+02	4.686062e-01	0.000000e+00	0.000000e+00	4.686062e-01	
1.145000e+02	9.355973e-01	0.000000e+00	0.000000e+00	9.355973e-01	
1.146000e+02	9.339863e-01	0.000000e+00	0.000000e+00	9.339863e-01	
1.147000e+02	1.243172e+00	0.000000e+00	0.000000e+00	1.243172e+00	
1.148000e+02	1.085906e+00	0.000000e+00	0.000000e+00	1.085906e+00	
1.149000e+02	9.291781e-01	0.000000e+00	0.000000e+00	9.291781e-01	
1.150000e+02	6.183891e-01	0.000000e+00	0.000000e+00	6.183891e-01	
1.151000e+02	1.080325e+00	0.000000e+00	0.000000e+00	1.080325e+00	
1.152000e+02	1.232543e+00	0.000000e+00	0.000000e+00	1.232543e+00	
1.153000e+02	9.228247e-01	0.000000e+00	0.000000e+00	9.228247e-01	
1.154000e+02	6.141644e-01	0.000000e+00	0.000000e+00	6.141644e-01	
1.155000e+02	1.226230e+00	0.000000e+00	0.000000e+00	1.226230e+00	
1.156000e+02	6.120683e-01	0.000000e+00	0.000000e+00	6.120683e-01	
1.157000e+02	1.374804e+00	0.000000e+00	0.000000e+00	1.374804e+00	
1.158000e+02	4.574872e-01	0.000000e+00	0.000000e+00	4.574872e-01	
1.159000e+02	1.370124e+00	0.000000e+00	0.000000e+00	1.370124e+00	
1.160000e+02	9.118622e-01	0.000000e+00	0.000000e+00	9.118622e-01	
1.161000e+02	1.517187e+00	0.000000e+00	0.000000e+00	1.517187e+00	
1.162000e+02	1.817532e+00	0.000000e+00	0.000000e+00	1.817532e+00	
1.163000e+02	1.209631e+00	0.000000e+00	0.000000e+00	1.209631e+00	
1.164000e+02	1.207580e+00	0.000000e+00	0.000000e+00	1.207580e+00	
1.165000e+02	1.356226e+00	0.000000e+00	0.000000e+00	1.356226e+00	
1.166000e+02	1.053057e+00	0.000000e+00	0.000000e+00	1.053057e+00	
1.167000e+02	1.051276e+00	0.000000e+00	0.000000e+00	1.051276e+00	
1.168000e+02	8.995709e-01	0.000000e+00	0.000000e+00	8.995709e-01	
1.169000e+02	8.980521e-01	0.000000e+00	0.000000e+00	8.980521e-01	
1.170000e+02	8.965370e-01	0.000000e+00	0.000000e+00	8.965370e-01	
1.171000e+02	1.193368e+00	0.000000e+00	0.000000e+00	1.193368e+00	
1.172000e+02	8.935183e-01	0.000000e+00	0.000000e+00	8.935183e-01	
1.173000e+02	1.486691e+00	0.000000e+00	0.000000e+00	1.486691e+00	
1.174000e+02	1.038934e+00	0.000000e+00	0.000000e+00	1.038934e+00	
1.175000e+02	8.890189e-01	0.000000e+00	0.000000e+00	8.890189e-01	
1.176000e+02	8.875267e-01	0.000000e+00	0.000000e+00	8.875267e-01	
1.177000e+02	1.476730e+00	0.000000e+00	0.000000e+00	1.476730e+00	
1.178000e+02	1.179404e+00	0.000000e+00	0.000000e+00	1.179404e+00	
1.179000e+02	1.177430e+00	0.000000e+00	0.000000e+00	1.177430e+00	
1.180000e+02	1.175460e+00	0.000000e+00	0.000000e+00	1.175460e+00	
1.181000e+02	4.400607e-01	0.000000e+00	0.000000e+00	4.400607e-01	
1.182000e+02	7.322095e-01	0.000000e+00	0.000000e+00	7.322095e-01	
1.183000e+02	1.169580e+00	0.000000e+00	0.000000e+00	1.169580e+00	
1.184000e+02	1.021676e+00	0.000000e+00	0.000000e+00	1.021676e+00	
1.185000e+02	5.828425e-01	0.000000e+00	0.000000e+00	5.828425e-01	
