0.000000e+00	0.000000e+00	0.000000e+00	0.000000e+00	0.000000e+00	
1.000000e-01	0.000000e+00	0.000000e+00	0.000000e+00	0.000000e+00	
2.000000e-01	0.000000e+00	0.000000e+00	0.000000e+00	0.000000e+00	
3.000000e-01	0.000000e+00	0.000000e+00	0.000000e+00	0.000000e+00	
4.000000e-01	0.000000e+00	0.000000e+00	0.000000e+00	0.000000e+00	
5.000000e-01	0.000000e+00	0.000000e+00	0.000000e+00	0.000000e+00	
6.000000e-01	0.000000e+00	0.000000e+00	0.000000e+00	0.000000e+00	
7.000000e-01	0.000000e+00	0.000000e+00	0.000000e+00	0.000000e+00	
8.000000e-01	0.000000e+00	0.000000e+00	0.000000e+00	0.000000e+00	
9.000000e-01	0.000000e+00	0.000000e+00	0.000000e+00	0.000000e+00	
1.000000e+00	0.000000e+00	0.000000e+00	0.000000e+00	0.000000e+00	
1.100000e+00	0.000000e+00	0.000000e+00	0.000000e+00	0.000000e+00	
1.200000e+00	0.000000e+00	0.000000e+00	0.000000e+00	0.000000e+00	
1.300000e+00	0.000000e+00	0.000000e+00	0.000000e+00	0.000000e+00	
1.400000e+00	0.000000e+00	0.000000e+00	0.000000e+00	0.000000e+00	
1.500000e+00	0.000000e+00	0.000000e+00	0.000000e+00	0.000000e+00	
1.600000e+00	0.000000e+00	0.000000e+00	0.000000e+00	0.000000e+00	
1.700000e+00	0.000000e+00	0.000000e+00	0.000000e+00	0.000000e+00	
1.800000e+00	0.000000e+00	0.000000e+00	0.000000e+00	0.000000e+00	
1.900000e+00	0.000000e+00	0.000000e+00	0.000000e+00	0.000000e+00	
2.000000e+00	0.000000e+00	0.000000e+00	0.000000e+00	0.000000e+00	
2.100000e+00	0.000000e+00	0.000000e+00	0.000000e+00	0.000000e+00	
2.200000e+00	0.000000e+00	0.000000e+00	0.000000e+00	0.000000e+00	
2.300000e+00	0.000000e+00	0.000000e+00	0.000000e+00	0.000000e+00	
2.400000e+00	0.000000e+00	0.000000e+00	0.000000e+00	0.000000e+00	
2.500000e+00	0.000000e+00	0.000000e+00	0.000000e+00	0.000000e+00	
2.600000e+00	0.000000e+00	0.000000e+00	0.000000e+00	0.000000e+00	
2.700000e+00	0.000000e+00	0.000000e+00	0.000000e+00	0.000000e+00	
2.800000e+00	0.000000e+00	0.000000e+00	0.000000e+00	0.000000e+00	
2.900000e+00	4.981128e+02	0.000000e+00	0.000000e+00	4.981128e+02	
3.000000e+00	3.879346e+03	0.000000e+00	0.000000e+00	3.879346e+03	
3.100000e+00	1.126114e+03	0.000000e+00	0.000000e+00	1.126114e+03	
3.200000e+00	2.477219e+02	0.000000e+00	0.000000e+00	2.477219e+02	
3.300000e+00	1.379490e+02	0.000000e+00	0.000000e+00	1.379490e+02	
3.400000e+00	1.008590e+02	0.000000e+00	0.000000e+00	1.008590e+02	
3.500000e+00	0.000000e+00	0.000000e+00	0.000000e+00	0.000000e+00	
3.600000e+00	9.593983e+01	0.000000e+00	0.000000e+00	9.593983e+01	
3.700000e+00	3.120471e+01	0.000000e+00	0.000000e+00	3.120471e+01	
3.800000e+00	0.000000e+00	0.000000e+00	0.000000e+00	0.000000e+00	
3.900000e+00	1.189458e+02	0.000000e+00	0.000000e+00	1.189458e+02	
4.000000e+00	0.000000e+00	0.000000e+00	0.000000e+00	0.000000e+00	
4.100000e+00	2.836945e+01	0.000000e+00	0.000000e+00	2.836945e+01	
4.200000e+00	5.544204e+01	0.000000e+00	0.000000e+00	5.544204e+01	
4.300000e+00	2.709458e+01	0.000000e+00	0.000000e+00	2.709458e+01	
4.400000e+00	2.648914e+01	0.000000e+00	0.000000e+00	2.648914e+01	
4.500000e+00	5.180751e+01	0.000000e+00	0.000000e+00	5.180751e+01	
4.600000e+00	2.533757e+01	0.000000e+00	0.000000e+00	2.533757e+01	
4.700000e+00	0.000000e+00	0.000000e+00	0.000000e+00	0.000000e+00	
4.800000e+00	2.425950e+01	0.000000e+00	0.000000e+00	2.425950e+01	
4.900000e+00	0.000000e+00	0.000000e+00	0.000000e+00	0.000000e+00	
5.000000e+00	0.000000e+00	0.000000e+00	0.000000e+00	0.000000e+00	
5.100000e+00	0.000000e+00	0.000000e+00	0.000000e+00	0.000000e+00	
5.200000e+00	0.000000e+00	0.000000e+00	0.000000e+00	0.000000e+00	
5.300000e+00	6.554157e+01	0.000000e+00	0.000000e+00	6.554157e+01	
5.400000e+00	4.281613e+01	0.000000e+00	0.000000e+00	4.281613e+01	
5.500000e+00	2.098204e+01	0.000000e+00	0.000000e+00	2.098204e+01	
5.600000e+00	4.113723e+01	0.000000e+00	0.000000e+00	4.113723e+01	
5.700000e+00	2.016728e+01	0.000000e+00	0.000000e+00	2.016728e+01	
5.800000e+00	3.955518e+01	0.000000e+00	0.000000e+00	3.955518e+01	
5.900000e+00	5.819724e+01	0.000000e+00	0.000000e+00	5.819724e+01	
6.000000e+00	7.612533e+01	0.000000e+00	0.000000e+00	7.612533e+01	
6.100000e+00	7.469577e+01	0.000000e+00	0.000000e+00	7.469577e+01	
6.200000e+00	7.330611e+01	0.000000e+00	0.000000e+00	7.330611e+01	
6.300000e+00	1.798872e+01	0.000000e+00	0.000000e+00	1.798872e+01	
6.400000e+00	5.298050e+01	0.000000e+00	0.000000e+00	5.298050e+01	
6.500000e+00	6.936213e+01	0.000000e+00	0.000000e+00	6.936213e+01	
6.600000e+00	5.108849e+01	0.000000e+00	0.000000e+00	5.108849e+01	
6.700000e+00	1.170873e+02	0.000000e+00	0.000000e+00	1.170873e+02	
6.800000e+00	1.150241e+02	0.000000e+00	0.000000e+00	1.150241e+02	
6.900000e+00	8.072501e+01	0.000000e+00	0.000000e+00	8.072501e+01	
7.000000e+00	1.586544e+02	0.000000e+00	0.000000e+00	1.586544e+02	
7.100000e+00	1.403377e+02	0.000000e+00	0.000000e+00	1.403377e+02	
7.200000e+00	1.839320e+02	0.000000e+00	0.000000e+00	1.839320e+02	
7.300000e+00	2.411036e+02	0.000000e+00	0.000000e+00	2.411036e+02	
7.400000e+00	1.629846e+02	0.000000e+00	0.000000e+00	1.629846e+02	
7.500000e+00	1.748504e+02	0.000000e+00	0.000000e+00	1.748504e+02	
7.600000e+00	1.863032e+02	0.000000e+00	0.000000e+00	1.863032e+02	
7.700000e+00	1.832616e+02	0.000000e+00	0.000000e+00	1.832616e+02	
7.800000e+00	1.941626e+02	0.000000e+00	0.000000e+00	1.941626e+02	
7.900000e+00	1.228137e+02	0.000000e+00	0.000000e+00	1.228137e+02	
8.000000e+00	1.611421e+02	0.000000e+00	0.000000e+00	1.611421e+02	
8.100000e+00	1.982430e+02	0.000000e+00	0.000000e+00	1.982430e+02	
8.200000e+00	1.821245e+02	0.000000e+00	0.000000e+00	1.821245e+02	
8.300000e+00	8.964496e+01	0.000000e+00	0.000000e+00	8.964496e+01	
8.400001e+00	2.521729e+02	0.000000e+00	0.000000e+00	2.521729e+02	
8.500000e+00	1.862312e+02	0.000000e+00	0.000000e+00	1.862312e+02	
8.600000e+00	1.833988e+02	0.000000e+00	0.000000e+00	1.833988e+02	
8.700000e+00	1.204204e+02	0.000000e+00	0.000000e+00	1.204204e+02	
8.800000e+00	1.067547e+02	0.000000e+00	0.000000e+00	1.067547e+02	
8.900001e+00	1.168525e+02	0.000000e+00	0.000000e+00	1.168525e+02	
9.000000e+00	1.036150e+02	0.000000e+00	0.000000e+00	1.036150e+02	
9.100000e+00	6.806458e+01	0.000000e+00	0.000000e+00	6.806458e+01	
9.200000e+00	1.006119e+02	0.000000e+00	0.000000e+00	1.006119e+02	
9.300000e+00	9.915899e+01	0.000000e+00	0.000000e+00	9.915899e+01	
9.400001e+00	1.085971e+02	0.000000e+00	0.000000e+00	1.085971e+02	
9.500000e+00	8.564099e+01	0.000000e+00	0.000000e+00	8.564099e+01	
9.600000e+00	9.498434e+01	0.000000e+00	0.000000e+00	9.498434e+01	
9.700000e+00	6.243417e+01	0.000000e+00	0.000000e+00	6.243417e+01	
9.800000e+00	5.130334e+01	0.000000e+00	0.000000e+00	5.130334e+01	
9.900001e+00	5.059327e+01	0.000000e+00	0.000000e+00	5.059327e+01	
1.000000e+01	1.097753e+02	0.000000e+00	0.000000e+00	1.097753e+02	
1.010000e+01	6.890331e+01	0.000000e+00	0.000000e+00	6.890331e+01	
1.020000e+01	6.796904e+01	0.000000e+00	0.000000e+00	6.796904e+01	
1.030000e+01	7.663274e+01	0.000000e+00	0.000000e+00	7.663274e+01	
1.040000e+01	9.450945e+01	0.000000e+00	0.000000e+00	9.450945e+01	
1.050000e+01	7.460282e+01	0.000000e+00	0.000000e+00	7.460282e+01	
1.060000e+01	8.282022e+01	0.000000e+00	0.000000e+00	8.282022e+01	
1.070000e+01	7.265251e+01	0.000000e+00	0.000000e+00	7.265251e+01	
1.080000e+01	5.377943e+01	0.000000e+00	0.000000e+00	5.377943e+01	
1.090000e+01	6.193046e+01	0.000000e+00	0.000000e+00	6.193046e+01	
1.100000e+01	1.746684e+01	0.000000e+00	0.000000e+00	1.746684e+01	
1.110000e+01	7.759631e+01	0.000000e+00	0.000000e+00	7.759631e+01	
1.120000e+01	6.809865e+01	0.000000e+00	0.000000e+00	6.809865e+01	
1.130000e+01	1.092640e+02	0.000000e+00	0.000000e+00	1.092640e+02	
1.140000e+01	5.809671e+01	0.000000e+00	0.000000e+00	5.809671e+01	
1.150000e+01	5.737277e+01	0.000000e+00	0.000000e+00	5.737277e+01	
1.160000e+01	7.285150e+01	0.000000e+00	0.000000e+00	7.285150e+01	
1.170000e+01	6.395989e+01	0.000000e+00	0.000000e+00	6.395989e+01	
1.180000e+01	3.158876e+01	0.000000e+00	0.000000e+00	3.158876e+01	
1.190000e+01	2.340352e+01	0.000000e+00	0.000000e+00	2.340352e+01	
1.200000e+01	6.165522e+01	0.000000e+00	0.000000e+00	6.165522e+01	
1.210000e+01	1.522866e+01	0.000000e+00	0.000000e+00	1.522866e+01	
1.220000e+01	1.504682e+01	0.000000e+00	0.000000e+00	1.504682e+01	
1.230000e+01	4.460469e+01	0.000000e+00	0.000000e+00	4.460469e+01	
1.240000e+01	3.673198e+01	0.000000e+00	0.000000e+00	3.673198e+01	
1.250000e+01	7.260223e+01	0.000000e+00	0.000000e+00	7.260223e+01	
1.260000e+01	4.305333e+01	0.000000e+00	0.000000e+00	4.305333e+01	
1.270000e+01	7.801598e+01	0.000000e+00	0.000000e+00	7.801598e+01	
1.280000e+01	4.206364e+01	0.000000e+00	0.000000e+00	4.206364e+01	
1.290000e+01	6.930255e+01	0.000000e+00	0.000000e+00	6.930255e+01	
1.300000e+01	3.425640e+01	0.000000e+00	0.000000e+00	3.425640e+01	
1.310000e+01	5.418916e+01	0.000000e+00	0.000000e+00	5.418916e+01	
1.320000e+01	2.678929e+01	0.000000e+00	0.000000e+00	2.678929e+01	
1.330000e+01	2.648914e+01	0.000000e+00	0.000000e+00	2.648914e+01	
1.340000e+01	4.583948e+01	0.000000e+00	0.000000e+00	4.583948e+01	
1.350000e+01	3.885564e+01	0.000000e+00	0.000000e+00	3.885564e+01	
1.360000e+01	5.764121e+01	0.000000e+00	0.000000e+00	5.764121e+01	
1.370000e+01	4.434075e+01	0.000000e+00	0.000000e+00	4.434075e+01	
1.380000e+01	4.385748e+01	0.000000e+00	0.000000e+00	4.385748e+01	
1.390000e+01	1.859231e+01	0.000000e+00	0.000000e+00	1.859231e+01	
1.400000e+01	3.065310e+01	0.000000e+00	0.000000e+00	3.065310e+01	
1.410000e+01	4.245412e+01	0.000000e+00	0.000000e+00	4.245412e+01	
1.420000e+01	3.600110e+01	0.000000e+00	0.000000e+00	3.600110e+01	
1.430000e+01	4.749218e+01	0.000000e+00	0.000000e+00	4.749218e+01	
1.440000e+01	3.524320e+01	0.000000e+00	0.000000e+00	3.524320e+01	
1.450000e+01	5.812200e+01	0.000000e+00	0.000000e+00	5.812200e+01	
1.460000e+01	2.875749e+01	0.000000e+00	0.000000e+00	2.875749e+01	
1.470000e+01	5.691743e+00	0.000000e+00	0.000000e+00	5.691743e+00	
1.480000e+01	3.943040e+01	0.000000e+00	0.000000e+00	3.943040e+01	
1.490000e+01	3.344995e+01	0.000000e+00	0.000000e+00	3.344995e+01	
1.500000e+01	4.414368e+01	0.000000e+00	0.000000e+00	4.414368e+01	
1.510000e+01	3.277079e+01	0.000000e+00	0.000000e+00	3.277079e+01	
1.520000e+01	2.703244e+01	0.000000e+00	0.000000e+00	2.703244e+01	
1.530000e+01	1.605605e+01	0.000000e+00	0.000000e+00	1.605605e+01	
1.540000e+01	3.179017e+01	0.000000e+00	0.000000e+00	3.179017e+01	
1.550000e+01	2.098204e+01	0.000000e+00	0.000000e+00	2.098204e+01	
1.560000e+01	2.596723e+01	0.000000e+00	0.000000e+00	2.596723e+01	
1.570000e+01	1.028431e+01	0.000000e+00	0.000000e+00	1.028431e+01	
1.580000e+01	1.018323e+01	0.000000e+00	0.000000e+00	1.018323e+01	
1.590000e+01	0.000000e+00	0.000000e+00	0.000000e+00	0.000000e+00	
1.600000e+01	4.992753e+00	0.000000e+00	0.000000e+00	4.992753e+00	
1.610000e+01	1.977759e+01	0.000000e+00	0.000000e+00	1.977759e+01	
1.620000e+01	1.958696e+01	0.000000e+00	0.000000e+00	1.958696e+01	
1.630000e+01	1.939908e+01	0.000000e+00	0.000000e+00	1.939908e+01	
1.640000e+01	1.921389e+01	0.000000e+00	0.000000e+00	1.921389e+01	
1.650000e+01	1.427350e+01	0.000000e+00	0.000000e+00	1.427350e+01	
1.660000e+01	1.885137e+01	0.000000e+00	0.000000e+00	1.885137e+01	
1.670000e+01	1.400546e+01	0.000000e+00	0.000000e+00	1.400546e+01	
1.680000e+01	9.249506e+00	0.000000e+00	0.000000e+00	9.249506e+00	
1.690000e+01	1.374490e+01	0.000000e+00	0.000000e+00	1.374490e+01	
1.700000e+01	4.539112e+00	0.000000e+00	0.000000e+00	4.539112e+00	
1.710000e+01	8.994360e+00	0.000000e+00	0.000000e+00	8.994360e+00	
1.720000e+01	1.782331e+01	0.000000e+00	0.000000e+00	1.782331e+01	
1.730000e+01	4.415041e+00	0.000000e+00	0.000000e+00	4.415041e+00	
1.740000e+01	1.749926e+01	0.000000e+00	0.000000e+00	1.749926e+01	
1.750000e+01	8.670266e+00	0.000000e+00	0.000000e+00	8.670266e+00	
1.760000e+01	0.000000e+00	0.000000e+00	0.000000e+00	0.000000e+00	
1.770000e+01	1.277212e+01	0.000000e+00	0.000000e+00	1.277212e+01	
1.780000e+01	8.438554e+00	0.000000e+00	0.000000e+00	8.438554e+00	
1.790000e+01	0.000000e+00	0.000000e+00	0.000000e+00	0.000000e+00	
1.800000e+01	1.243380e+01	0.000000e+00	0.000000e+00	1.243380e+01	
1.810000e+01	4.108005e+00	0.000000e+00	0.000000e+00	4.108005e+00	
1.820000e+01	4.071890e+00	0.000000e+00	0.000000e+00	4.071890e+00	
1.830000e+01	8.072500e+00	0.000000e+00	0.000000e+00	8.072500e+00	
1.840000e+01	4.001076e+00	0.000000e+00	0.000000e+00	4.001076e+00	
1.850000e+01	3.966360e+00	0.000000e+00	0.000000e+00	3.966360e+00	
1.860000e+01	7.864186e+00	0.000000e+00	0.000000e+00	7.864186e+00	
1.870000e+01	7.796538e+00	0.000000e+00	0.000000e+00	7.796538e+00	
1.880000e+01	3.864879e+00	0.000000e+00	0.000000e+00	3.864879e+00	
1.890000e+01	1.149575e+01	0.000000e+00	0.000000e+00	1.149575e+01	
1.900000e+01	0.000000e+00	0.000000e+00	0.000000e+00	0.000000e+00	
1.910000e+01	7.534488e+00	0.000000e+00	0.000000e+00	7.534488e+00	
1.920000e+01	0.000000e+00	0.000000e+00	0.000000e+00	0.000000e+00	
1.930000e+01	7.408389e+00	0.000000e+00	0.000000e+00	7.408389e+00	
1.940000e+01	0.000000e+00	0.000000e+00	0.000000e+00	0.000000e+00	
1.950000e+01	3.642716e+00	0.000000e+00	0.000000e+00	3.642716e+00	
1.960000e+01	7.225097e+00	0.000000e+00	0.000000e+00	7.225097e+00	
1.970000e+01	1.433102e+01	0.000000e+00	0.000000e+00	1.433102e+01	
1.980000e+01	3.553327e+00	0.000000e+00	0.000000e+00	3.553327e+00	
1.990000e+01	3.524261e+00	0.000000e+00	0.000000e+00	3.524261e+00	
2.000000e+01	1.048665e+01	0.000000e+00	0.000000e+00	1.048665e+01	
2.010000e+01	0.000000e+00	0.000000e+00	0.000000e+00	0.000000e+00	
2.020000e+01	6.878343e+00	0.000000e+00	0.000000e+00	6.878343e+00	
2.030000e+01	3.411492e+00	0.000000e+00	0.000000e+00	3.411492e+00	
2.040000e+01	3.384146e+00	0.000000e+00	0.000000e+00	3.384146e+00	
2.050000e+01	0.000000e+00	0.000000e+00	0.000000e+00	0.000000e+00	
2.060000e+01	0.000000e+00	0.000000e+00	0.000000e+00	0.000000e+00	
2.070000e+01	0.000000e+00	0.000000e+00	0.000000e+00	0.000000e+00	
2.080000e+01	3.277983e+00	0.000000e+00	0.000000e+00	3.277983e+00	
2.090000e+01	3.252223e+00	0.000000e+00	0.000000e+00	3.252223e+00	
2.100000e+01	3.226765e+00	0.000000e+00	0.000000e+00	3.226765e+00	
2.110000e+01	6.403211e+00	0.000000e+00	0.000000e+00	6.403211e+00	
2.120000e+01	0.000000e+00	0.000000e+00	0.000000e+00	0.000000e+00	
2.130000e+01	0.000000e+00	0.000000e+00	0.000000e+00	0.000000e+00	
2.140000e+01	0.000000e+00	0.000000e+00	0.000000e+00	0.000000e+00	
2.150000e+01	6.207705e+00	0.000000e+00	0.000000e+00	6.207705e+00	
2.160000e+01	3.080114e+00	0.000000e+00	0.000000e+00	3.080114e+00	
2.170000e+01	0.000000e+00	0.000000e+00	0.000000e+00	0.000000e+00	
2.180000e+01	3.033446e+00	0.000000e+00	0.000000e+00	3.033446e+00	
2.190000e+01	0.000000e+00	0.000000e+00	0.000000e+00	0.000000e+00	
2.200000e+01	0.000000e+00	0.000000e+00	0.000000e+00	0.000000e+00	
2.210000e+01	2.965408e+00	0.000000e+00	0.000000e+00	2.965408e+00	
2.220000e+01	0.000000e+00	0.000000e+00	0.000000e+00	0.000000e+00	
2.230000e+01	0.000000e+00	0.000000e+00	0.000000e+00	0.000000e+00	
2.240000e+01	2.899634e+00	0.000000e+00	0.000000e+00	2.899634e+00	
2.250000e+01	0.000000e+00	0.000000e+00	0.000000e+00	0.000000e+00	
2.260000e+01	5.713986e+00	0.000000e+00	0.000000e+00	5.713986e+00	
2.270000e+01	0.000000e+00	0.000000e+00	0.000000e+00	0.000000e+00	
2.280000e+01	0.000000e+00	0.000000e+00	0.000000e+00	0.000000e+00	
2.290000e+01	0.000000e+00	0.000000e+00	0.000000e+00	0.000000e+00	
2.300000e+01	0.000000e+00	0.000000e+00	0.000000e+00	0.000000e+00	
2.310000e+01	2.754416e+00	0.000000e+00	0.000000e+00	2.754416e+00	
2.320000e+01	0.000000e+00	0.000000e+00	0.000000e+00	0.000000e+00	
2.330000e+01	2.714927e+00	0.000000e+00	0.000000e+00	2.714927e+00	
2.340000e+01	0.000000e+00	0.000000e+00	0.000000e+00	0.000000e+00	
2.350000e+01	2.676281e+00	0.000000e+00	0.000000e+00	2.676281e+00	
2.360000e+01	2.657267e+00	0.000000e+00	0.000000e+00	2.657267e+00	
2.370000e+01	0.000000e+00	0.000000e+00	0.000000e+00	0.000000e+00	
2.380000e+01	7.859521e+00	0.000000e+00	0.000000e+00	7.859521e+00	
2.390000e+01	0.000000e+00	0.000000e+00	0.000000e+00	0.000000e+00	
2.400000e+01	2.583200e+00	0.000000e+00	0.000000e+00	2.583200e+00	
2.410000e+01	0.000000e+00	0.000000e+00	0.000000e+00	0.000000e+00	
2.420000e+01	0.000000e+00	0.000000e+00	0.000000e+00	0.000000e+00	
2.430000e+01	2.529664e+00	0.000000e+00	0.000000e+00	2.529664e+00	
2.440000e+01	0.000000e+00	0.000000e+00	0.000000e+00	0.000000e+00	
2.450000e+01	0.000000e+00	0.000000e+00	0.000000e+00	0.000000e+00	
2.460000e+01	0.000000e+00	0.000000e+00	0.000000e+00	0.000000e+00	
2.470000e+01	0.000000e+00	0.000000e+00	0.000000e+00	0.000000e+00	
2.480000e+01	2.444064e+00	0.000000e+00	0.000000e+00	2.444064e+00	
2.490000e+01	0.000000e+00	0.000000e+00	0.000000e+00	0.000000e+00	
2.500000e+01	2.411036e+00	0.000000e+00	0.000000e+00	2.411036e+00	
2.510000e+01	2.394773e+00	0.000000e+00	0.000000e+00	2.394773e+00	
2.520000e+01	0.000000e+00	0.000000e+00	0.000000e+00	0.000000e+00	
2.530000e+01	0.000000e+00	0.000000e+00	0.000000e+00	0.000000e+00	
2.540000e+01	9.387835e+00	0.000000e+00	0.000000e+00	9.387835e+00	
2.550000e+01	2.331338e+00	0.000000e+00	0.000000e+00	2.331338e+00	
2.560000e+01	0.000000e+00	0.000000e+00	0.000000e+00	0.000000e+00	
2.570000e+01	0.000000e+00	0.000000e+00	0.000000e+00	0.000000e+00	
2.580000e+01	0.000000e+00	0.000000e+00	0.000000e+00	0.000000e+00	
2.590000e+01	2.270391e+00	0.000000e+00	0.000000e+00	2.270391e+00	
2.600000e+01	0.000000e+00	0.000000e+00	0.000000e+00	0.000000e+00	
2.610000e+01	2.240809e+00	0.000000e+00	0.000000e+00	2.240809e+00	
2.620000e+01	0.000000e+00	0.000000e+00	0.000000e+00	0.000000e+00	
2.630000e+01	0.000000e+00	0.000000e+00	0.000000e+00	0.000000e+00	
2.640000e+01	0.000000e+00	0.000000e+00	0.000000e+00	0.000000e+00	
2.650000e+01	0.000000e+00	0.000000e+00	0.000000e+00	0.000000e+00	
2.660000e+01	0.000000e+00	0.000000e+00	0.000000e+00	0.000000e+00	
2.670000e+01	0.000000e+00	0.000000e+00	0.000000e+00	0.000000e+00	
2.680000e+01	0.000000e+00	0.000000e+00	0.000000e+00	0.000000e+00	
2.690000e+01	4.256166e+00	0.000000e+00	0.000000e+00	4.256166e+00	
2.700000e+01	0.000000e+00	0.000000e+00	0.000000e+00	0.000000e+00	
2.710000e+01	0.000000e+00	0.000000e+00	0.000000e+00	0.000000e+00	
2.720000e+01	0.000000e+00	0.000000e+00	0.000000e+00	0.000000e+00	
2.730000e+01	4.149765e+00	0.000000e+00	0.000000e+00	4.149765e+00	
2.740000e+01	0.000000e+00	0.000000e+00	0.000000e+00	0.000000e+00	
2.750000e+01	6.147083e+00	0.000000e+00	0.000000e+00	6.147083e+00	
2.760000e+01	0.000000e+00	0.000000e+00	0.000000e+00	0.000000e+00	
2.770000e+01	0.000000e+00	0.000000e+00	0.000000e+00	0.000000e+00	
2.780000e+01	2.011142e+00	0.000000e+00	0.000000e+00	2.011142e+00	
2.790000e+01	3.997493e+00	0.000000e+00	0.000000e+00	3.997493e+00	
2.800000e+01	1.986466e+00	0.000000e+00	0.000000e+00	1.986466e+00	
2.810000e+01	0.000000e+00	0.000000e+00	0.000000e+00	0.000000e+00	
2.820000e+01	3.924481e+00	0.000000e+00	0.000000e+00	3.924481e+00	
2.830000e+01	0.000000e+00	0.000000e+00	0.000000e+00	0.000000e+00	
2.840000e+01	0.000000e+00	0.000000e+00	0.000000e+00	0.000000e+00	
2.850000e+01	0.000000e+00	0.000000e+00	0.000000e+00	0.000000e+00	
2.860000e+01	0.000000e+00	0.000000e+00	0.000000e+00	0.000000e+00	
2.870000e+01	0.000000e+00	0.000000e+00	0.000000e+00	0.000000e+00	
2.880000e+01	1.892166e+00	0.000000e+00	0.000000e+00	1.892166e+00	
2.890000e+01	0.000000e+00	0.000000e+00	0.000000e+00	0.000000e+00	
2.900000e+01	0.000000e+00	0.000000e+00	0.000000e+00	0.000000e+00	
2.910000e+01	0.000000e+00	0.000000e+00	0.000000e+00	0.000000e+00	
2.920000e+01	1.847515e+00	0.000000e+00	0.000000e+00	1.847515e+00	
2.930000e+01	1.836599e+00	0.000000e+00	0.000000e+00	1.836599e+00	
2.940000e+01	0.000000e+00	0.000000e+00	0.000000e+00	0.000000e+00	
2.950000e+01	3.630111e+00	0.000000e+00	0.000000e+00	3.630111e+00	
2.960000e+01	0.000000e+00	0.000000e+00	0.000000e+00	0.000000e+00	
2.970000e+01	0.000000e+00	0.000000e+00	0.000000e+00	0.000000e+00	
2.980000e+01	0.000000e+00	0.000000e+00	0.000000e+00	0.000000e+00	
2.990000e+01	0.000000e+00	0.000000e+00	0.000000e+00	0.000000e+00	
3.000000e+01	0.000000e+00	0.000000e+00	0.000000e+00	0.000000e+00	
3.010000e+01	3.505304e+00	0.000000e+00	0.000000e+00	3.505304e+00	
3.020000e+01	0.000000e+00	0.000000e+00	0.000000e+00	0.000000e+00	
3.030000e+01	0.000000e+00	0.000000e+00	0.000000e+00	0.000000e+00	
3.040000e+01	0.000000e+00	0.000000e+00	0.000000e+00	0.000000e+00	
3.050000e+01	1.712820e+00	0.000000e+00	0.000000e+00	1.712820e+00	
3.060000e+01	1.703074e+00	0.000000e+00	0.000000e+00	1.703074e+00	
3.070000e+01	0.000000e+00	0.000000e+00	0.000000e+00	0.000000e+00	
3.080000e+01	0.000000e+00	0.000000e+00	0.000000e+00	0.000000e+00	
3.090000e+01	0.000000e+00	0.000000e+00	0.000000e+00	0.000000e+00	
3.100000e+01	0.000000e+00	0.000000e+00	0.000000e+00	0.000000e+00	
3.110000e+01	3.311142e+00	0.000000e+00	0.000000e+00	3.311142e+00	
3.120000e+01	1.646309e+00	0.000000e+00	0.000000e+00	1.646309e+00	
3.130000e+01	0.000000e+00	0.000000e+00	0.000000e+00	0.000000e+00	
3.140000e+01	0.000000e+00	0.000000e+00	0.000000e+00	0.000000e+00	
3.150000e+01	0.000000e+00	0.000000e+00	0.000000e+00	0.000000e+00	
3.160000e+01	1.610028e+00	0.000000e+00	0.000000e+00	1.610028e+00	
3.170000e+01	0.000000e+00	0.000000e+00	0.000000e+00	0.000000e+00	
3.180000e+01	0.000000e+00	0.000000e+00	0.000000e+00	0.000000e+00	
3.190000e+01	0.000000e+00	0.000000e+00	0.000000e+00	0.000000e+00	
3.200000e+01	0.000000e+00	0.000000e+00	0.000000e+00	0.000000e+00	
3.210000e+01	0.000000e+00	0.000000e+00	0.000000e+00	0.000000e+00	
3.220000e+01	0.000000e+00	0.000000e+00	0.000000e+00	0.000000e+00	
3.230000e+01	1.549359e+00	0.000000e+00	0.000000e+00	1.549359e+00	
3.240000e+01	0.000000e+00	0.000000e+00	0.000000e+00	0.000000e+00	
3.250000e+01	0.000000e+00	0.000000e+00	0.000000e+00	0.000000e+00	
3.260000e+01	1.524403e+00	0.000000e+00	0.000000e+00	1.524403e+00	
3.270000e+01	0.000000e+00	0.000000e+00	0.000000e+00	0.000000e+00	
3.280000e+01	0.000000e+00	0.000000e+00	0.000000e+00	0.000000e+00	
3.290000e+01	3.000092e+00	0.000000e+00	0.000000e+00	3.000092e+00	
3.300000e+01	0.000000e+00	0.000000e+00	0.000000e+00	0.000000e+00	
3.310000e+01	0.000000e+00	0.000000e+00	0.000000e+00	0.000000e+00	
3.320000e+01	0.000000e+00	0.000000e+00	0.000000e+00	0.000000e+00	
3.330000e+01	1.468467e+00	0.000000e+00	0.000000e+00	1.468467e+00	
3.340000e+01	0.000000e+00	0.000000e+00	0.000000e+00	0.000000e+00	
3.350000e+01	5.812200e+00	0.000000e+00	0.000000e+00	5.812200e+00	
3.360000e+01	0.000000e+00	0.000000e+00	0.000000e+00	0.000000e+00	
3.370000e+01	1.437875e+00	0.000000e+00	0.000000e+00	1.437875e+00	
3.380000e+01	1.430376e+00	0.000000e+00	0.000000e+00	1.430376e+00	
3.390000e+01	1.422936e+00	0.000000e+00	0.000000e+00	1.422936e+00	
3.400000e+01	1.415554e+00	0.000000e+00	0.000000e+00	1.415554e+00	
3.410000e+01	1.408229e+00	0.000000e+00	0.000000e+00	1.408229e+00	
3.420000e+01	0.000000e+00	0.000000e+00	0.000000e+00	0.000000e+00	
3.430000e+01	1.393748e+00	0.000000e+00	0.000000e+00	1.393748e+00	
3.440000e+01	0.000000e+00	0.000000e+00	0.000000e+00	0.000000e+00	
3.450000e+01	0.000000e+00	0.000000e+00	0.000000e+00	0.000000e+00	
3.460000e+01	1.372443e+00	0.000000e+00	0.000000e+00	1.372443e+00	
3.470000e+01	0.000000e+00	0.000000e+00	0.000000e+00	0.000000e+00	
3.480000e+01	2.717019e+00	0.000000e+00	0.000000e+00	2.717019e+00	
3.490000e+01	0.000000e+00	0.000000e+00	0.000000e+00	0.000000e+00	
3.500000e+01	2.689574e+00	0.000000e+00	0.000000e+00	2.689574e+00	
3.510000e+01	0.000000e+00	0.000000e+00	0.000000e+00	0.000000e+00	
3.520000e+01	1.331272e+00	0.000000e+00	0.000000e+00	1.331272e+00	
3.530000e+01	0.000000e+00	0.000000e+00	0.000000e+00	0.000000e+00	
3.540000e+01	1.317959e+00	0.000000e+00	0.000000e+00	1.317959e+00	
3.550000e+01	1.311378e+00	0.000000e+00	0.000000e+00	1.311378e+00	
3.560000e+01	1.304845e+00	0.000000e+00	0.000000e+00	1.304845e+00	
3.570000e+01	0.000000e+00	0.000000e+00	0.000000e+00	0.000000e+00	
3.580000e+01	0.000000e+00	0.000000e+00	0.000000e+00	0.000000e+00	
3.590000e+01	0.000000e+00	0.000000e+00	0.000000e+00	0.000000e+00	
3.600000e+01	0.000000e+00	0.000000e+00	0.000000e+00	0.000000e+00	
3.610000e+01	2.545808e+00	0.000000e+00	0.000000e+00	2.545808e+00	
3.620000e+01	1.266657e+00	0.000000e+00	0.000000e+00	1.266657e+00	
3.630000e+01	1.260455e+00	0.000000e+00	0.000000e+00	1.260455e+00	
3.640000e+01	0.000000e+00	0.000000e+00	0.000000e+00	0.000000e+00	
3.650000e+01	0.000000e+00	0.000000e+00	0.000000e+00	0.000000e+00	
3.660000e+01	0.000000e+00	0.000000e+00	0.000000e+00	0.000000e+00	
3.670000e+01	1.236099e+00	0.000000e+00	0.000000e+00	1.236099e+00	
3.680000e+01	3.690362e+00	0.000000e+00	0.000000e+00	3.690362e+00	
3.690000e+01	1.224185e+00	0.000000e+00	0.000000e+00	1.224185e+00	
3.700000e+01	0.000000e+00	0.000000e+00	0.000000e+00	0.000000e+00	
3.710000e+01	3.637327e+00	0.000000e+00	0.000000e+00	3.637327e+00	
3.720000e+01	0.000000e+00	0.000000e+00	0.000000e+00	0.000000e+00	
3.730000e+01	0.000000e+00	0.000000e+00	0.000000e+00	0.000000e+00	
3.740000e+01	2.390285e+00	0.000000e+00	0.000000e+00	2.390285e+00	
3.750000e+01	1.189458e+00	0.000000e+00	0.000000e+00	1.189458e+00	
3.760000e+01	1.183814e+00	0.000000e+00	0.000000e+00	1.183814e+00	
3.770000e+01	1.178210e+00	0.000000e+00	0.000000e+00	1.178210e+00	
3.780000e+01	1.172646e+00	0.000000e+00	0.000000e+00	1.172646e+00	
3.790000e+01	0.000000e+00	0.000000e+00	0.000000e+00	0.000000e+00	
3.800000e+01	1.161636e+00	0.000000e+00	0.000000e+00	1.161636e+00	
3.810000e+01	1.156188e+00	0.000000e+00	0.000000e+00	1.156188e+00	
3.820000e+01	0.000000e+00	0.000000e+00	0.000000e+00	0.000000e+00	
3.830000e+01	1.145408e+00	0.000000e+00	0.000000e+00	1.145408e+00	
3.840000e+01	1.140074e+00	0.000000e+00	0.000000e+00	1.140074e+00	
3.850000e+01	0.000000e+00	0.000000e+00	0.000000e+00	0.000000e+00	
3.860000e+01	0.000000e+00	0.000000e+00	0.000000e+00	0.000000e+00	
3.870000e+01	0.000000e+00	0.000000e+00	0.000000e+00	0.000000e+00	
3.880000e+01	1.119108e+00	0.000000e+00	0.000000e+00	1.119108e+00	
3.890000e+01	0.000000e+00	0.000000e+00	0.000000e+00	0.000000e+00	
3.900000e+01	0.000000e+00	0.000000e+00	0.000000e+00	0.000000e+00	
3.910000e+01	0.000000e+00	0.000000e+00	0.000000e+00	0.000000e+00	
3.920000e+01	0.000000e+00	0.000000e+00	0.000000e+00	0.000000e+00	
3.930000e+01	1.093704e+00	0.000000e+00	0.000000e+00	1.093704e+00	
3.940000e+01	1.088726e+00	0.000000e+00	0.000000e+00	1.088726e+00	
3.950000e+01	0.000000e+00	0.000000e+00	0.000000e+00	0.000000e+00	
3.960000e+01	1.078874e+00	0.000000e+00	0.000000e+00	1.078874e+00	
3.970000e+01	0.000000e+00	0.000000e+00	0.000000e+00	0.000000e+00	
3.980000e+01	1.069154e+00	0.000000e+00	0.000000e+00	1.069154e+00	
3.990000e+01	2.128687e+00	0.000000e+00	0.000000e+00	2.128687e+00	
4.000000e+01	2.119131e+00	0.000000e+00	0.000000e+00	2.119131e+00	
4.010000e+01	0.000000e+00	0.000000e+00	0.000000e+00	0.000000e+00	
4.020000e+01	2.100210e+00	0.000000e+00	0.000000e+00	2.100210e+00	
4.030000e+01	2.090845e+00	0.000000e+00	0.000000e+00	2.090845e+00	
4.040000e+01	0.000000e+00	0.000000e+00	0.000000e+00	0.000000e+00	
4.050000e+01	0.000000e+00	0.000000e+00	0.000000e+00	0.000000e+00	
4.060000e+01	0.000000e+00	0.000000e+00	0.000000e+00	0.000000e+00	
4.070000e+01	0.000000e+00	0.000000e+00	0.000000e+00	0.000000e+00	
4.080000e+01	0.000000e+00	0.000000e+00	0.000000e+00	0.000000e+00	
4.090000e+01	0.000000e+00	0.000000e+00	0.000000e+00	0.000000e+00	
4.100000e+01	2.027006e+00	0.000000e+00	0.000000e+00	2.027006e+00	
4.110000e+01	2.018125e+00	0.000000e+00	0.000000e+00	2.018125e+00	
4.120000e+01	0.000000e+00	0.000000e+00	0.000000e+00	0.000000e+00	
4.130000e+01	0.000000e+00	0.000000e+00	0.000000e+00	0.000000e+00	
4.140000e+01	1.991830e+00	0.000000e+00	0.000000e+00	1.991830e+00	
4.150000e+01	0.000000e+00	0.000000e+00	0.000000e+00	0.000000e+00	
4.160000e+01	1.974585e+00	0.000000e+00	0.000000e+00	1.974585e+00	
4.170000e+01	0.000000e+00	0.000000e+00	0.000000e+00	0.000000e+00	
4.180000e+01	0.000000e+00	0.000000e+00	0.000000e+00	0.000000e+00	
4.190000e+01	0.000000e+00	0.000000e+00	0.000000e+00	0.000000e+00	
4.200000e+01	1.940760e+00	0.000000e+00	0.000000e+00	1.940760e+00	
4.210000e+01	0.000000e+00	0.000000e+00	0.000000e+00	0.000000e+00	
4.220000e+01	9.620862e-01	0.000000e+00	0.000000e+00	9.620862e-01	
4.230000e+01	0.000000e+00	0.000000e+00	0.000000e+00	0.000000e+00	
4.240000e+01	0.000000e+00	0.000000e+00	0.000000e+00	0.000000e+00	
4.250000e+01	0.000000e+00	0.000000e+00	0.000000e+00	0.000000e+00	
4.260000e+01	0.000000e+00	0.000000e+00	0.000000e+00	0.000000e+00	
4.270000e+01	9.418110e-01	0.000000e+00	0.000000e+00	9.418110e-01	
4.280000e+01	9.378330e-01	0.000000e+00	0.000000e+00	9.378330e-01	
4.290000e+01	9.338800e-01	0.000000e+00	0.000000e+00	9.338800e-01	
4.300000e+01	1.859904e+00	0.000000e+00	0.000000e+00	1.859904e+00	
4.310000e+01	1.852097e+00	0.000000e+00	0.000000e+00	1.852097e+00	
4.320000e+01	0.000000e+00	0.000000e+00	0.000000e+00	0.000000e+00	
4.330000e+01	0.000000e+00	0.000000e+00	0.000000e+00	0.000000e+00	
4.340000e+01	0.000000e+00	0.000000e+00	0.000000e+00	0.000000e+00	
4.350000e+01	9.106790e-01	0.000000e+00	0.000000e+00	9.106790e-01	
4.360000e+01	1.813792e+00	0.000000e+00	0.000000e+00	1.813792e+00	
4.370000e+01	2.709411e+00	0.000000e+00	0.000000e+00	2.709411e+00	
4.380000e+01	2.698204e+00	0.000000e+00	0.000000e+00	2.698204e+00	
4.390000e+01	0.000000e+00	0.000000e+00	0.000000e+00	0.000000e+00	
4.400000e+01	1.783998e+00	0.000000e+00	0.000000e+00	1.783998e+00	
4.410000e+01	0.000000e+00	0.000000e+00	0.000000e+00	0.000000e+00	
4.420000e+01	0.000000e+00	0.000000e+00	0.000000e+00	0.000000e+00	
4.430000e+01	0.000000e+00	0.000000e+00	0.000000e+00	0.000000e+00	
4.440000e+01	2.632396e+00	0.000000e+00	0.000000e+00	2.632396e+00	
4.450000e+01	0.000000e+00	0.000000e+00	0.000000e+00	0.000000e+00	
4.460000e+01	1.740663e+00	0.000000e+00	0.000000e+00	1.740663e+00	
4.470000e+01	0.000000e+00	0.000000e+00	0.000000e+00	0.000000e+00	
4.480000e+01	8.632845e-01	0.000000e+00	0.000000e+00	8.632845e-01	
4.490000e+01	8.597929e-01	0.000000e+00	0.000000e+00	8.597929e-01	
4.500000e+01	8.563226e-01	0.000000e+00	0.000000e+00	8.563226e-01	
4.510000e+01	1.705746e+00	0.000000e+00	0.000000e+00	1.705746e+00	
4.520000e+01	1.698889e+00	0.000000e+00	0.000000e+00	1.698889e+00	
4.530000e+01	8.460366e-01	0.000000e+00	0.000000e+00	8.460366e-01	
4.540000e+01	8.426489e-01	0.000000e+00	0.000000e+00	8.426489e-01	
4.550000e+01	8.392817e-01	0.000000e+00	0.000000e+00	8.392817e-01	
4.560000e+01	8.359345e-01	0.000000e+00	0.000000e+00	8.359345e-01	
4.570000e+01	1.665215e+00	0.000000e+00	0.000000e+00	1.665215e+00	
4.580000e+01	8.293003e-01	0.000000e+00	0.000000e+00	8.293003e-01	
4.590000e+01	8.260126e-01	0.000000e+00	0.000000e+00	8.260126e-01	
4.600000e+01	2.468234e+00	0.000000e+00	0.000000e+00	2.468234e+00	
4.610000e+01	8.194958e-01	0.000000e+00	0.000000e+00	8.194958e-01	
4.620000e+01	0.000000e+00	0.000000e+00	0.000000e+00	0.000000e+00	
4.630000e+01	2.439167e+00	0.000000e+00	0.000000e+00	2.439167e+00	
4.640000e+01	1.619728e+00	0.000000e+00	0.000000e+00	1.619728e+00	
4.650000e+01	0.000000e+00	0.000000e+00	0.000000e+00	0.000000e+00	
4.660000e+01	1.607074e+00	0.000000e+00	0.000000e+00	1.607074e+00	
4.670000e+01	2.401204e+00	0.000000e+00	0.000000e+00	2.401204e+00	
4.680000e+01	0.000000e+00	0.000000e+00	0.000000e+00	0.000000e+00	
4.690000e+01	2.382554e+00	0.000000e+00	0.000000e+00	2.382554e+00	
4.700000e+01	0.000000e+00	0.000000e+00	0.000000e+00	0.000000e+00	
4.710000e+01	0.000000e+00	0.000000e+00	0.000000e+00	0.000000e+00	
4.720000e+01	1.569989e+00	0.000000e+00	0.000000e+00	1.569989e+00	
4.730000e+01	7.819667e-01	0.000000e+00	0.000000e+00	7.819667e-01	
4.740000e+01	3.115825e+00	0.000000e+00	0.000000e+00	3.115825e+00	
4.750000e+01	7.759631e-01	0.000000e+00	0.000000e+00	7.759631e-01	
4.760000e+01	1.545974e+00	0.000000e+00	0.000000e+00	1.545974e+00	
4.770000e+01	7.700285e-01	0.000000e+00	0.000000e+00	7.700285e-01	
4.780000e+01	7.670866e-01	0.000000e+00	0.000000e+00	7.670866e-01	
4.790000e+01	7.641615e-01	0.000000e+00	0.000000e+00	7.641615e-01	
4.800000e+01	7.612532e-01	0.000000e+00	0.000000e+00	7.612532e-01	
4.810000e+01	7.583615e-01	0.000000e+00	0.000000e+00	7.583615e-01	
4.820000e+01	0.000000e+00	0.000000e+00	0.000000e+00	0.000000e+00	
4.830000e+01	1.505255e+00	0.000000e+00	0.000000e+00	1.505255e+00	
4.840000e+01	2.249353e+00	0.000000e+00	0.000000e+00	2.249353e+00	
4.850000e+01	0.000000e+00	0.000000e+00	0.000000e+00	0.000000e+00	
4.860000e+01	3.720735e+00	0.000000e+00	0.000000e+00	3.720735e+00	
4.870000e+01	1.482704e+00	0.000000e+00	0.000000e+00	1.482704e+00	
4.880000e+01	0.000000e+00	0.000000e+00	0.000000e+00	0.000000e+00	
4.890000e+01	1.471618e+00	0.000000e+00	0.000000e+00	1.471618e+00	
4.900000e+01	7.330612e-01	0.000000e+00	0.000000e+00	7.330612e-01	
4.910000e+01	7.303284e-01	0.000000e+00	0.000000e+00	7.303284e-01	
4.920000e+01	1.455222e+00	0.000000e+00	0.000000e+00	1.455222e+00	
4.930000e+01	7.249086e-01	0.000000e+00	0.000000e+00	7.249086e-01	
4.940000e+01	1.444442e+00	0.000000e+00	0.000000e+00	1.444442e+00	
4.950000e+01	0.000000e+00	0.000000e+00	0.000000e+00	0.000000e+00	
4.960000e+01	0.000000e+00	0.000000e+00	0.000000e+00	0.000000e+00	
4.970000e+01	7.142483e-01	0.000000e+00	0.000000e+00	7.142483e-01	
4.980000e+01	1.423240e+00	0.000000e+00	0.000000e+00	1.423240e+00	
4.990000e+01	0.000000e+00	0.000000e+00	0.000000e+00	0.000000e+00	
5.000000e+01	0.000000e+00	0.000000e+00	0.000000e+00	0.000000e+00	
5.010000e+01	0.000000e+00	0.000000e+00	0.000000e+00	0.000000e+00	
5.020000e+01	0.000000e+00	0.000000e+00	0.000000e+00	0.000000e+00	
5.030000e+01	1.397387e+00	0.000000e+00	0.000000e+00	1.397387e+00	
5.040000e+01	6.961504e-01	0.000000e+00	0.000000e+00	6.961504e-01	
5.050000e+01	0.000000e+00	0.000000e+00	0.000000e+00	0.000000e+00	
5.060000e+01	1.382212e+00	0.000000e+00	0.000000e+00	1.382212e+00	
5.070000e+01	0.000000e+00	0.000000e+00	0.000000e+00	0.000000e+00	
5.080000e+01	6.861160e-01	0.000000e+00	0.000000e+00	6.861160e-01	
5.090000e+01	2.734565e+00	0.000000e+00	0.000000e+00	2.734565e+00	
5.100000e+01	0.000000e+00	0.000000e+00	0.000000e+00	0.000000e+00	
5.110000e+01	1.357463e+00	0.000000e+00	0.000000e+00	1.357463e+00	
5.120000e+01	2.028891e+00	0.000000e+00	0.000000e+00	2.028891e+00	
5.130000e+01	2.021625e+00	0.000000e+00	0.000000e+00	2.021625e+00	
5.140000e+01	6.714662e-01	0.000000e+00	0.000000e+00	6.714662e-01	
5.150000e+01	6.690702e-01	0.000000e+00	0.000000e+00	6.690702e-01	
5.160000e+01	1.333374e+00	0.000000e+00	0.000000e+00	1.333374e+00	
5.170000e+01	2.657267e+00	0.000000e+00	0.000000e+00	2.657267e+00	
5.180000e+01	1.323918e+00	0.000000e+00	0.000000e+00	1.323918e+00	
5.190000e+01	6.596135e-01	0.000000e+00	0.000000e+00	6.596135e-01	
5.200000e+01	1.314561e+00	0.000000e+00	0.000000e+00	1.314561e+00	
5.210000e+01	6.549602e-01	0.000000e+00	0.000000e+00	6.549602e-01	
5.220000e+01	6.526520e-01	0.000000e+00	0.000000e+00	6.526520e-01	
5.230000e+01	6.503559e-01	0.000000e+00	0.000000e+00	6.503559e-01	
5.240000e+01	6.480719e-01	0.000000e+00	0.000000e+00	6.480719e-01	
5.250000e+01	0.000000e+00	0.000000e+00	0.000000e+00	0.000000e+00	
5.260000e+01	1.287080e+00	0.000000e+00	0.000000e+00	1.287080e+00	
5.270000e+01	1.282584e+00	0.000000e+00	0.000000e+00	1.282584e+00	
5.280000e+01	6.390554e-01	0.000000e+00	0.000000e+00	6.390554e-01	
5.290000e+01	6.368307e-01	0.000000e+00	0.000000e+00	6.368307e-01	
5.300000e+01	6.346176e-01	0.000000e+00	0.000000e+00	6.346176e-01	
5.310000e+01	0.000000e+00	0.000000e+00	0.000000e+00	0.000000e+00	
5.320000e+01	1.890677e+00	0.000000e+00	0.000000e+00	1.890677e+00	
5.330000e+01	1.256094e+00	0.000000e+00	0.000000e+00	1.256094e+00	
5.340000e+01	1.251759e+00	0.000000e+00	0.000000e+00	1.251759e+00	
5.350000e+01	0.000000e+00	0.000000e+00	0.000000e+00	0.000000e+00	
5.360000e+01	6.215778e-01	0.000000e+00	0.000000e+00	6.215778e-01	
5.370000e+01	6.194437e-01	0.000000e+00	0.000000e+00	6.194437e-01	
5.380000e+01	1.234641e+00	0.000000e+00	0.000000e+00	1.234641e+00	
5.390000e+01	2.460832e+00	0.000000e+00	0.000000e+00	2.460832e+00	
5.400000e+01	2.452427e+00	0.000000e+00	0.000000e+00	2.452427e+00	
5.410000e+01	0.000000e+00	0.000000e+00	0.000000e+00	0.000000e+00	
5.420000e+01	0.000000e+00	0.000000e+00	0.000000e+00	0.000000e+00	
5.430000e+01	2.427466e+00	0.000000e+00	0.000000e+00	2.427466e+00	
5.440000e+01	6.048075e-01	0.000000e+00	0.000000e+00	6.048075e-01	
5.450000e+01	0.000000e+00	0.000000e+00	0.000000e+00	0.000000e+00	
5.460000e+01	1.802163e+00	0.000000e+00	0.000000e+00	1.802163e+00	
5.470000e+01	1.197387e+00	0.000000e+00	0.000000e+00	1.197387e+00	
5.480000e+01	1.193352e+00	0.000000e+00	0.000000e+00	1.193352e+00	
5.490000e+01	0.000000e+00	0.000000e+00	0.000000e+00	0.000000e+00	
5.500000e+01	0.000000e+00	0.000000e+00	0.000000e+00	0.000000e+00	
5.510000e+01	5.906841e-01	0.000000e+00	0.000000e+00	5.906841e-01	
5.520000e+01	5.887069e-01	0.000000e+00	0.000000e+00	5.887069e-01	
5.530000e+01	5.867397e-01	0.000000e+00	0.000000e+00	5.867397e-01	
5.540000e+01	1.169564e+00	0.000000e+00	0.000000e+00	1.169564e+00	
5.550000e+01	1.165669e+00	0.000000e+00	0.000000e+00	1.165669e+00	
5.560000e+01	1.161793e+00	0.000000e+00	0.000000e+00	1.161793e+00	
5.570000e+01	0.000000e+00	0.000000e+00	0.000000e+00	0.000000e+00	
5.580000e+01	5.770496e-01	0.000000e+00	0.000000e+00	5.770496e-01	
5.590000e+01	1.150281e+00	0.000000e+00	0.000000e+00	1.150281e+00	
5.600000e+01	0.000000e+00	0.000000e+00	0.000000e+00	0.000000e+00	
5.610000e+01	2.856752e+00	0.000000e+00	0.000000e+00	2.856752e+00	
5.620000e+01	1.138939e+00	0.000000e+00	0.000000e+00	1.138939e+00	
5.630000e+01	5.675977e-01	0.000000e+00	0.000000e+00	5.675977e-01	
5.640000e+01	5.657352e-01	0.000000e+00	0.000000e+00	5.657352e-01	
5.650000e+01	1.691645e+00	0.000000e+00	0.000000e+00	1.691645e+00	
5.660000e+01	5.620376e-01	0.000000e+00	0.000000e+00	5.620376e-01	
5.670000e+01	1.120405e+00	0.000000e+00	0.000000e+00	1.120405e+00	
5.680000e+01	1.116752e+00	0.000000e+00	0.000000e+00	1.116752e+00	
5.690000e+01	1.669676e+00	0.000000e+00	0.000000e+00	1.669676e+00	
5.700000e+01	1.109501e+00	0.000000e+00	0.000000e+00	1.109501e+00	
5.710000e+01	5.529506e-01	0.000000e+00	0.000000e+00	5.529506e-01	
5.720000e+01	5.511597e-01	0.000000e+00	0.000000e+00	5.511597e-01	
5.730000e+01	1.648132e+00	0.000000e+00	0.000000e+00	1.648132e+00	
5.740000e+01	0.000000e+00	0.000000e+00	0.000000e+00	0.000000e+00	
5.750000e+01	5.458388e-01	0.000000e+00	0.000000e+00	5.458388e-01	
5.760000e+01	5.440822e-01	0.000000e+00	0.000000e+00	5.440822e-01	
5.770000e+01	5.423342e-01	0.000000e+00	0.000000e+00	5.423342e-01	
5.780000e+01	0.000000e+00	0.000000e+00	0.000000e+00	0.000000e+00	
5.790000e+01	5.388633e-01	0.000000e+00	0.000000e+00	5.388633e-01	
5.800000e+01	1.074281e+00	0.000000e+00	0.000000e+00	1.074281e+00	
5.810000e+01	5.354255e-01	0.000000e+00	0.000000e+00	5.354255e-01	
5.820000e+01	1.601157e+00	0.000000e+00	0.000000e+00	1.601157e+00	
5.830000e+01	0.000000e+00	0.000000e+00	0.000000e+00	0.000000e+00	
5.840000e+01	1.590991e+00	0.000000e+00	0.000000e+00	1.590991e+00	
5.850000e+01	0.000000e+00	0.000000e+00	0.000000e+00	0.000000e+00	
5.860000e+01	1.053948e+00	0.000000e+00	0.000000e+00	1.053948e+00	
5.870000e+01	1.050615e+00	0.000000e+00	0.000000e+00	1.050615e+00	
5.880000e+01	2.618246e+00	0.000000e+00	0.000000e+00	2.618246e+00	
5.890000e+01	5.219985e-01	0.000000e+00	0.000000e+00	5.219985e-01	
5.900000e+01	5.203557e-01	0.000000e+00	0.000000e+00	5.203557e-01	
5.910000e+01	5.187206e-01	0.000000e+00	0.000000e+00	5.187206e-01	
5.920000e+01	1.034187e+00	0.000000e+00	0.000000e+00	1.034187e+00	
5.930000e+01	0.000000e+00	0.000000e+00	0.000000e+00	0.000000e+00	
5.940000e+01	1.027723e+00	0.000000e+00	0.000000e+00	1.027723e+00	
5.950000e+01	1.024514e+00	0.000000e+00	0.000000e+00	1.024514e+00	
5.960000e+01	5.106598e-01	0.000000e+00	0.000000e+00	5.106598e-01	
5.970000e+01	1.018141e+00	0.000000e+00	0.000000e+00	1.018141e+00	
5.980000e+01	1.014976e+00	0.000000e+00	0.000000e+00	1.014976e+00	
5.990000e+01	5.059132e-01	0.000000e+00	0.000000e+00	5.059132e-01	
6.000000e+01	5.043458e-01	0.000000e+00	0.000000e+00	5.043458e-01	
6.010000e+01	1.508356e+00	0.000000e+00	0.000000e+00	1.508356e+00	
6.020000e+01	1.503698e+00	0.000000e+00	0.000000e+00	1.503698e+00	
6.030000e+01	0.000000e+00	0.000000e+00	0.000000e+00	0.000000e+00	
6.040000e+01	4.981480e-01	0.000000e+00	0.000000e+00	4.981480e-01	
6.050000e+01	0.000000e+00	0.000000e+00	0.000000e+00	0.000000e+00	
6.060000e+01	4.950918e-01	0.000000e+00	0.000000e+00	4.950918e-01	
6.070000e+01	1.480723e+00	0.000000e+00	0.000000e+00	1.480723e+00	
6.080000e+01	9.841275e-01	0.000000e+00	0.000000e+00	9.841275e-01	
6.090000e+01	0.000000e+00	0.000000e+00	0.000000e+00	0.000000e+00	
6.100000e+01	1.956254e+00	0.000000e+00	0.000000e+00	1.956254e+00	
6.110000e+01	9.751469e-01	0.000000e+00	0.000000e+00	9.751469e-01	
6.120000e+01	0.000000e+00	0.000000e+00	0.000000e+00	0.000000e+00	
6.130000e+01	9.692280e-01	0.000000e+00	0.000000e+00	9.692280e-01	
6.140000e+01	4.831444e-01	0.000000e+00	0.000000e+00	4.831444e-01	
6.150000e+01	4.816814e-01	0.000000e+00	0.000000e+00	4.816814e-01	
6.160000e+01	1.920900e+00	0.000000e+00	0.000000e+00	1.920900e+00	
6.170000e+01	4.787754e-01	0.000000e+00	0.000000e+00	4.787754e-01	
6.180000e+01	1.431996e+00	0.000000e+00	0.000000e+00	1.431996e+00	
6.190000e+01	1.427686e+00	0.000000e+00	0.000000e+00	1.427686e+00	
6.200000e+01	1.423396e+00	0.000000e+00	0.000000e+00	1.423396e+00	
6.210000e+01	9.460829e-01	0.000000e+00	0.000000e+00	9.460829e-01	
6.220000e+01	1.414873e+00	0.000000e+00	0.000000e+00	1.414873e+00	
6.230000e+01	1.410640e+00	0.000000e+00	0.000000e+00	1.410640e+00	
6.240000e+01	4.688086e-01	0.000000e+00	0.000000e+00	4.688086e-01	
6.250000e+01	1.402231e+00	0.000000e+00	0.000000e+00	1.402231e+00	
6.260000e+01	1.398054e+00	0.000000e+00	0.000000e+00	1.398054e+00	
6.270000e+01	9.292644e-01	0.000000e+00	0.000000e+00	9.292644e-01	
6.280000e+01	1.389757e+00	0.000000e+00	0.000000e+00	1.389757e+00	
6.290000e+01	0.000000e+00	0.000000e+00	0.000000e+00	0.000000e+00	
6.300000e+01	4.605113e-01	0.000000e+00	0.000000e+00	4.605113e-01	
6.310000e+01	0.000000e+00	0.000000e+00	0.000000e+00	0.000000e+00	
6.320000e+01	2.288972e+00	0.000000e+00	0.000000e+00	2.288972e+00	
6.330000e+01	1.369335e+00	0.000000e+00	0.000000e+00	1.369335e+00	
6.340000e+01	4.551014e-01	0.000000e+00	0.000000e+00	4.551014e-01	
6.350000e+01	1.361292e+00	0.000000e+00	0.000000e+00	1.361292e+00	
6.360000e+01	0.000000e+00	0.000000e+00	0.000000e+00	0.000000e+00	
6.370000e+01	4.511065e-01	0.000000e+00	0.000000e+00	4.511065e-01	
6.380000e+01	4.497864e-01	0.000000e+00	0.000000e+00	4.497864e-01	
6.390000e+01	0.000000e+00	0.000000e+00	0.000000e+00	0.000000e+00	
6.400000e+01	1.788655e+00	0.000000e+00	0.000000e+00	1.788655e+00	
6.410000e+01	0.000000e+00	0.000000e+00	0.000000e+00	0.000000e+00	
6.420000e+01	8.891279e-01	0.000000e+00	0.000000e+00	8.891279e-01	
6.430000e+01	0.000000e+00	0.000000e+00	0.000000e+00	0.000000e+00	
6.440000e+01	1.767947e+00	0.000000e+00	0.000000e+00	1.767947e+00	
6.450000e+01	1.322120e+00	0.000000e+00	0.000000e+00	1.322120e+00	
6.460000e+01	8.788640e-01	0.000000e+00	0.000000e+00	8.788640e-01	
6.470000e+01	0.000000e+00	0.000000e+00	0.000000e+00	0.000000e+00	
6.480000e+01	1.310698e+00	0.000000e+00	0.000000e+00	1.310698e+00	
6.490000e+01	2.178205e+00	0.000000e+00	0.000000e+00	2.178205e+00	
6.500000e+01	8.687767e-01	0.000000e+00	0.000000e+00	8.687767e-01	
6.510000e+01	8.662821e-01	0.000000e+00	0.000000e+00	8.662821e-01	
6.520000e+01	1.295697e+00	0.000000e+00	0.000000e+00	1.295697e+00	
6.530000e+01	4.306623e-01	0.000000e+00	0.000000e+00	4.306623e-01	
6.540000e+01	4.294310e-01	0.000000e+00	0.000000e+00	4.294310e-01	
6.550000e+01	4.282050e-01	0.000000e+00	0.000000e+00	4.282050e-01	
6.560000e+01	4.269842e-01	0.000000e+00	0.000000e+00	4.269842e-01	
6.570000e+01	1.277305e+00	0.000000e+00	0.000000e+00	1.277305e+00	
6.580000e+01	1.273674e+00	0.000000e+00	0.000000e+00	1.273674e+00	
6.590000e+01	1.270058e+00	0.000000e+00	0.000000e+00	1.270058e+00	
6.600000e+01	8.443053e-01	0.000000e+00	0.000000e+00	8.443053e-01	
6.610000e+01	8.419153e-01	0.000000e+00	0.000000e+00	8.419153e-01	
6.620000e+01	8.395351e-01	0.000000e+00	0.000000e+00	8.395351e-01	
6.630000e+01	0.000000e+00	0.000000e+00	0.000000e+00	0.000000e+00	
6.640000e+01	1.669611e+00	0.000000e+00	0.000000e+00	1.669611e+00	
6.650000e+01	4.162278e-01	0.000000e+00	0.000000e+00	4.162278e-01	
6.660000e+01	1.245173e+00	0.000000e+00	0.000000e+00	1.245173e+00	
6.670000e+01	8.277853e-01	0.000000e+00	0.000000e+00	8.277853e-01	
6.680000e+01	4.127325e-01	0.000000e+00	0.000000e+00	4.127325e-01	
6.690000e+01	8.231544e-01	0.000000e+00	0.000000e+00	8.231544e-01	
6.700000e+01	1.231280e+00	0.000000e+00	0.000000e+00	1.231280e+00	
6.710000e+01	4.092812e-01	0.000000e+00	0.000000e+00	4.092812e-01	
6.720000e+01	1.224421e+00	0.000000e+00	0.000000e+00	1.224421e+00	
6.730000e+01	1.221012e+00	0.000000e+00	0.000000e+00	1.221012e+00	
6.740000e+01	4.058728e-01	0.000000e+00	0.000000e+00	4.058728e-01	
6.750000e+01	2.023731e+00	0.000000e+00	0.000000e+00	2.023731e+00	
6.760000e+01	4.036242e-01	0.000000e+00	0.000000e+00	4.036242e-01	
6.770000e+01	8.050138e-01	0.000000e+00	0.000000e+00	8.050138e-01	
6.780000e+01	1.204183e+00	0.000000e+00	0.000000e+00	1.204183e+00	
6.790000e+01	8.005724e-01	0.000000e+00	0.000000e+00	8.005724e-01	
6.800000e+01	3.991827e-01	0.000000e+00	0.000000e+00	3.991827e-01	
6.810000e+01	0.000000e+00	0.000000e+00	0.000000e+00	0.000000e+00	
6.820000e+01	1.984947e+00	0.000000e+00	0.000000e+00	1.984947e+00	
6.830000e+01	7.917991e-01	0.000000e+00	0.000000e+00	7.917991e-01	
6.840000e+01	7.896283e-01	0.000000e+00	0.000000e+00	7.896283e-01	
6.850000e+01	1.181200e+00	0.000000e+00	0.000000e+00	1.181200e+00	
6.860000e+01	1.177970e+00	0.000000e+00	0.000000e+00	1.177970e+00	
6.870000e+01	7.831692e-01	0.000000e+00	0.000000e+00	7.831692e-01	
6.880000e+01	0.000000e+00	0.000000e+00	0.000000e+00	0.000000e+00	
6.890000e+01	1.168361e+00	0.000000e+00	0.000000e+00	1.168361e+00	
6.900000e+01	1.165184e+00	0.000000e+00	0.000000e+00	1.165184e+00	
6.910000e+01	7.746797e-01	0.000000e+00	0.000000e+00	7.746797e-01	
6.920000e+01	1.931447e+00	0.000000e+00	0.000000e+00	1.931447e+00	
6.930000e+01	1.155730e+00	0.000000e+00	0.000000e+00	1.155730e+00	
6.940000e+01	1.152604e+00	0.000000e+00	0.000000e+00	1.152604e+00	
6.950000e+01	1.915818e+00	0.000000e+00	0.000000e+00	1.915818e+00	
6.960000e+01	7.642604e-01	0.000000e+00	0.000000e+00	7.642604e-01	
6.970000e+01	1.143303e+00	0.000000e+00	0.000000e+00	1.143303e+00	
6.980000e+01	1.520303e+00	0.000000e+00	0.000000e+00	1.520303e+00	
6.990000e+01	7.581095e-01	0.000000e+00	0.000000e+00	7.581095e-01	
7.000000e+01	3.780378e-01	0.000000e+00	0.000000e+00	3.780378e-01	
7.010000e+01	7.540500e-01	0.000000e+00	0.000000e+00	7.540500e-01	
7.020000e+01	1.128049e+00	0.000000e+00	0.000000e+00	1.128049e+00	
7.030000e+01	1.125034e+00	0.000000e+00	0.000000e+00	1.125034e+00	
7.040000e+01	7.480215e-01	0.000000e+00	0.000000e+00	7.480215e-01	
7.050000e+01	3.730141e-01	0.000000e+00	0.000000e+00	3.730141e-01	
7.060000e+01	7.440428e-01	0.000000e+00	0.000000e+00	7.440428e-01	
7.070000e+01	7.420651e-01	0.000000e+00	0.000000e+00	7.420651e-01	
7.080000e+01	1.480191e+00	0.000000e+00	0.000000e+00	1.480191e+00	
7.090000e+01	1.476268e+00	0.000000e+00	0.000000e+00	1.476268e+00	
7.100000e+01	1.104270e+00	0.000000e+00	0.000000e+00	1.104270e+00	
7.110000e+01	3.671167e-01	0.000000e+00	0.000000e+00	3.671167e-01	
7.120000e+01	7.322948e-01	0.000000e+00	0.000000e+00	7.322948e-01	
7.130000e+01	1.825910e+00	0.000000e+00	0.000000e+00	1.825910e+00	
7.140000e+01	3.642204e-01	0.000000e+00	0.000000e+00	3.642204e-01	
7.150000e+01	1.453050e+00	0.000000e+00	0.000000e+00	1.453050e+00	
7.160000e+01	0.000000e+00	0.000000e+00	0.000000e+00	0.000000e+00	
7.170000e+01	3.613581e-01	0.000000e+00	0.000000e+00	3.613581e-01	
7.180000e+01	1.081235e+00	0.000000e+00	0.000000e+00	1.081235e+00	
7.190000e+01	7.189373e-01	0.000000e+00	0.000000e+00	7.189373e-01	
7.200000e+01	3.585295e-01	0.000000e+00	0.000000e+00	3.585295e-01	
7.210000e+01	7.151881e-01	0.000000e+00	0.000000e+00	7.151881e-01	
7.220000e+01	1.069986e+00	0.000000e+00	0.000000e+00	1.069986e+00	
7.230000e+01	3.557339e-01	0.000000e+00	0.000000e+00	3.557339e-01	
7.240000e+01	3.548094e-01	0.000000e+00	0.000000e+00	3.548094e-01	
7.250000e+01	7.077768e-01	0.000000e+00	0.000000e+00	7.077768e-01	
7.260000e+01	0.000000e+00	0.000000e+00	0.000000e+00	0.000000e+00	
7.270000e+01	0.000000e+00	0.000000e+00	0.000000e+00	0.000000e+00	
7.280000e+01	1.053440e+00	0.000000e+00	0.000000e+00	1.053440e+00	
7.290000e+01	1.400960e+00	0.000000e+00	0.000000e+00	1.400960e+00	
7.300000e+01	6.986737e-01	0.000000e+00	0.000000e+00	6.986737e-01	
7.310000e+01	6.968741e-01	0.000000e+00	0.000000e+00	6.968741e-01	
7.320000e+01	1.042622e+00	0.000000e+00	0.000000e+00	1.042622e+00	
7.330000e+01	6.932958e-01	0.000000e+00	0.000000e+00	6.932958e-01	
7.340000e+01	1.383034e+00	0.000000e+00	0.000000e+00	1.383034e+00	
7.350000e+01	1.379490e+00	0.000000e+00	0.000000e+00	1.379490e+00	
7.360000e+01	1.031970e+00	0.000000e+00	0.000000e+00	1.031970e+00	
7.370000e+01	2.744885e+00	0.000000e+00	0.000000e+00	2.744885e+00	
7.380000e+01	3.422348e-01	0.000000e+00	0.000000e+00	3.422348e-01	
7.390000e+01	1.024087e+00	0.000000e+00	0.000000e+00	1.024087e+00	
7.400000e+01	6.809865e-01	0.000000e+00	0.000000e+00	6.809865e-01	
7.410000e+01	1.698137e+00	0.000000e+00	0.000000e+00	1.698137e+00	
7.420000e+01	1.016294e+00	0.000000e+00	0.000000e+00	1.016294e+00	
7.430000e+01	1.013717e+00	0.000000e+00	0.000000e+00	1.013717e+00	
7.440000e+01	1.348198e+00	0.000000e+00	0.000000e+00	1.348198e+00	
7.450000e+01	6.723936e-01	0.000000e+00	0.000000e+00	6.723936e-01	
7.460000e+01	1.006042e+00	0.000000e+00	0.000000e+00	1.006042e+00	
7.470000e+01	2.007006e+00	0.000000e+00	0.000000e+00	2.007006e+00	
7.480000e+01	2.001947e+00	0.000000e+00	0.000000e+00	2.001947e+00	
7.490000e+01	1.664090e+00	0.000000e+00	0.000000e+00	1.664090e+00	
7.500000e+01	9.959437e-01	0.000000e+00	0.000000e+00	9.959437e-01	
7.510000e+01	3.311476e-01	0.000000e+00	0.000000e+00	3.311476e-01	
7.520000e+01	1.321268e+00	0.000000e+00	0.000000e+00	1.321268e+00	
7.530000e+01	9.884694e-01	0.000000e+00	0.000000e+00	9.884694e-01	
7.540000e+01	3.286656e-01	0.000000e+00	0.000000e+00	3.286656e-01	
7.550000e+01	1.311378e+00	0.000000e+00	0.000000e+00	1.311378e+00	
7.560000e+01	9.810791e-01	0.000000e+00	0.000000e+00	9.810791e-01	
7.570000e+01	6.524225e-01	0.000000e+00	0.000000e+00	6.524225e-01	
7.580000e+01	3.253993e-01	0.000000e+00	0.000000e+00	3.253993e-01	
7.590000e+01	3.245904e-01	0.000000e+00	0.000000e+00	3.245904e-01	
7.600000e+01	1.295138e+00	0.000000e+00	0.000000e+00	1.295138e+00	
7.610000e+01	6.459631e-01	0.000000e+00	0.000000e+00	6.459631e-01	
7.620000e+01	6.443630e-01	0.000000e+00	0.000000e+00	6.443630e-01	
7.630000e+01	9.641536e-01	0.000000e+00	0.000000e+00	9.641536e-01	
7.640000e+01	1.602953e+00	0.000000e+00	0.000000e+00	1.602953e+00	
7.650000e+01	9.593984e-01	0.000000e+00	0.000000e+00	9.593984e-01	
7.660000e+01	1.276045e+00	0.000000e+00	0.000000e+00	1.276045e+00	
7.670000e+01	3.182260e-01	0.000000e+00	0.000000e+00	3.182260e-01	
7.680000e+01	1.269775e+00	0.000000e+00	0.000000e+00	1.269775e+00	
7.690000e+01	1.266657e+00	0.000000e+00	0.000000e+00	1.266657e+00	
7.700000e+01	9.476627e-01	0.000000e+00	0.000000e+00	9.476627e-01	
7.710000e+01	6.302277e-01	0.000000e+00	0.000000e+00	6.302277e-01	
7.720000e+01	6.286858e-01	0.000000e+00	0.000000e+00	6.286858e-01	
7.730000e+01	1.254299e+00	0.000000e+00	0.000000e+00	1.254299e+00	
7.740000e+01	1.251238e+00	0.000000e+00	0.000000e+00	1.251238e+00	
7.750000e+01	1.560235e+00	0.000000e+00	0.000000e+00	1.560235e+00	
7.760000e+01	1.867724e+00	0.000000e+00	0.000000e+00	1.867724e+00	
7.770000e+01	0.000000e+00	0.000000e+00	0.000000e+00	0.000000e+00	
7.780000e+01	6.195524e-01	0.000000e+00	0.000000e+00	6.195524e-01	
7.790000e+01	1.854149e+00	0.000000e+00	0.000000e+00	1.854149e+00	
7.800000e+01	6.165522e-01	0.000000e+00	0.000000e+00	6.165522e-01	
7.810000e+01	3.075301e-01	0.000000e+00	0.000000e+00	3.075301e-01	
7.820000e+01	9.203604e-01	0.000000e+00	0.000000e+00	9.203604e-01	
7.830000e+01	1.530231e+00	0.000000e+00	0.000000e+00	1.530231e+00	
7.840000e+01	6.106167e-01	0.000000e+00	0.000000e+00	6.106167e-01	
7.850000e+01	3.045731e-01	0.000000e+00	0.000000e+00	3.045731e-01	
7.860000e+01	1.215362e+00	0.000000e+00	0.000000e+00	1.215362e+00	
7.870000e+01	6.062211e-01	0.000000e+00	0.000000e+00	6.062211e-01	
7.880000e+01	6.047665e-01	0.000000e+00	0.000000e+00	6.047665e-01	
7.890000e+01	1.508293e+00	0.000000e+00	0.000000e+00	1.508293e+00	
7.900000e+01	6.018730e-01	0.000000e+00	0.000000e+00	6.018730e-01	
7.910000e+01	6.004339e-01	0.000000e+00	0.000000e+00	6.004339e-01	
7.920000e+01	5.990000e-01	0.000000e+00	0.000000e+00	5.990000e-01	
7.930000e+01	5.975713e-01	0.000000e+00	0.000000e+00	5.975713e-01	
7.940000e+01	5.961477e-01	0.000000e+00	0.000000e+00	5.961477e-01	
7.950000e+01	2.676281e+00	0.000000e+00	0.000000e+00	2.676281e+00	
7.960000e+01	1.483289e+00	0.000000e+00	0.000000e+00	1.483289e+00	
7.970000e+01	8.878607e-01	0.000000e+00	0.000000e+00	8.878607e-01	
7.980000e+01	1.771511e+00	0.000000e+00	0.000000e+00	1.771511e+00	
7.990000e+01	5.891052e-01	0.000000e+00	0.000000e+00	5.891052e-01	
8.000000e+01	8.815676e-01	0.000000e+00	0.000000e+00	8.815676e-01	
8.010000e+01	1.758970e+00	0.000000e+00	0.000000e+00	1.758970e+00	
8.020000e+01	8.774092e-01	0.000000e+00	0.000000e+00	8.774092e-01	
8.030000e+01	1.167121e+00	0.000000e+00	0.000000e+00	1.167121e+00	
8.040000e+01	2.910934e-01	0.000000e+00	0.000000e+00	2.910934e-01	
8.050000e+01	5.808178e-01	0.000000e+00	0.000000e+00	5.808178e-01	
8.060000e+01	2.897268e-01	0.000000e+00	0.000000e+00	2.897268e-01	
8.070000e+01	1.445235e+00	0.000000e+00	0.000000e+00	1.445235e+00	
8.080000e+01	5.767394e-01	0.000000e+00	0.000000e+00	5.767394e-01	
8.090000e+01	1.438474e+00	0.000000e+00	0.000000e+00	1.438474e+00	
8.100000e+01	1.148089e+00	0.000000e+00	0.000000e+00	1.148089e+00	
8.110000e+01	1.145408e+00	0.000000e+00	0.000000e+00	1.145408e+00	
8.120000e+01	1.142736e+00	0.000000e+00	0.000000e+00	1.142736e+00	
8.130000e+01	2.850186e-01	0.000000e+00	0.000000e+00	2.850186e-01	
8.140000e+01	5.687107e-01	0.000000e+00	0.000000e+00	5.687107e-01	
8.150000e+01	2.836945e-01	0.000000e+00	0.000000e+00	2.836945e-01	
8.160000e+01	1.415179e+00	0.000000e+00	0.000000e+00	1.415179e+00	
8.170000e+01	8.471386e-01	0.000000e+00	0.000000e+00	8.471386e-01	
8.180000e+01	8.451765e-01	0.000000e+00	0.000000e+00	8.451765e-01	
8.190000e+01	2.810737e-01	0.000000e+00	0.000000e+00	2.810737e-01	
8.200000e+01	1.121697e+00	0.000000e+00	0.000000e+00	1.121697e+00	
8.210000e+01	2.797770e-01	0.000000e+00	0.000000e+00	2.797770e-01	
8.220000e+01	5.582639e-01	0.000000e+00	0.000000e+00	5.582639e-01	
8.230000e+01	8.354675e-01	0.000000e+00	0.000000e+00	8.354675e-01	
8.240000e+01	5.556972e-01	0.000000e+00	0.000000e+00	5.556972e-01	
8.250000e+01	5.544205e-01	0.000000e+00	0.000000e+00	5.544205e-01	
8.260000e+01	2.765741e-01	0.000000e+00	0.000000e+00	2.765741e-01	
8.270000e+01	1.103760e+00	0.000000e+00	0.000000e+00	1.103760e+00	
8.280000e+01	1.101233e+00	0.000000e+00	0.000000e+00	1.101233e+00	
8.290000e+01	1.373393e+00	0.000000e+00	0.000000e+00	1.373393e+00	
8.300000e+01	1.096205e+00	0.000000e+00	0.000000e+00	1.096205e+00	
8.310000e+01	1.367129e+00	0.000000e+00	0.000000e+00	1.367129e+00	
8.320000e+01	2.728026e-01	0.000000e+00	0.000000e+00	2.728026e-01	
8.330000e+01	5.443631e-01	0.000000e+00	0.000000e+00	5.443631e-01	
8.340000e+01	2.715626e-01	0.000000e+00	0.000000e+00	2.715626e-01	
8.350000e+01	1.354729e+00	0.000000e+00	0.000000e+00	1.354729e+00	
8.360000e+01	1.621986e+00	0.000000e+00	0.000000e+00	1.621986e+00	
8.370000e+01	1.348592e+00	0.000000e+00	0.000000e+00	1.348592e+00	
8.380000e+01	2.691078e-01	0.000000e+00	0.000000e+00	2.691078e-01	
8.390000e+01	1.342497e+00	0.000000e+00	0.000000e+00	1.342497e+00	
8.400000e+01	5.357858e-01	0.000000e+00	0.000000e+00	5.357858e-01	
8.410000e+01	1.069154e+00	0.000000e+00	0.000000e+00	1.069154e+00	
8.420000e+01	1.066745e+00	0.000000e+00	0.000000e+00	1.066745e+00	
8.430000e+01	1.330429e+00	0.000000e+00	0.000000e+00	1.330429e+00	
8.440000e+01	2.654876e-01	0.000000e+00	0.000000e+00	2.654876e-01	
8.450000e+01	1.589348e+00	0.000000e+00	0.000000e+00	1.589348e+00	
8.460000e+01	7.928913e-01	0.000000e+00	0.000000e+00	7.928913e-01	
8.470000e+01	1.054819e+00	0.000000e+00	0.000000e+00	1.054819e+00	
8.480000e+01	1.315573e+00	0.000000e+00	0.000000e+00	1.315573e+00	
8.490000e+01	1.312631e+00	0.000000e+00	0.000000e+00	1.312631e+00	
8.500000e+01	7.858198e-01	0.000000e+00	0.000000e+00	7.858198e-01	
8.510000e+01	1.045422e+00	0.000000e+00	0.000000e+00	1.045422e+00	
8.520000e+01	1.564639e+00	0.000000e+00	0.000000e+00	1.564639e+00	
8.530000e+01	2.601927e-01	0.000000e+00	0.000000e+00	2.601927e-01	
8.540000e+01	5.192283e-01	0.000000e+00	0.000000e+00	5.192283e-01	
8.550000e+01	7.771127e-01	0.000000e+00	0.000000e+00	7.771127e-01	
8.560000e+01	5.169258e-01	0.000000e+00	0.000000e+00	5.169258e-01	
8.570000e+01	5.157802e-01	0.000000e+00	0.000000e+00	5.157802e-01	
8.580000e+01	1.286596e+00	0.000000e+00	0.000000e+00	1.286596e+00	
8.590000e+01	5.135006e-01	0.000000e+00	0.000000e+00	5.135006e-01	
8.600000e+01	7.685496e-01	0.000000e+00	0.000000e+00	7.685496e-01	
8.610000e+01	1.022472e+00	0.000000e+00	0.000000e+00	1.022472e+00	
8.620000e+01	1.275273e+00	0.000000e+00	0.000000e+00	1.275273e+00	
8.630000e+01	1.017972e+00	0.000000e+00	0.000000e+00	1.017972e+00	
8.640000e+01	1.015734e+00	0.000000e+00	0.000000e+00	1.015734e+00	
8.650000e+01	1.013503e+00	0.000000e+00	0.000000e+00	1.013503e+00	
8.660000e+01	1.769738e+00	0.000000e+00	0.000000e+00	1.769738e+00	
8.670000e+01	2.018125e+00	0.000000e+00	0.000000e+00	2.018125e+00	
8.680000e+01	5.034267e-01	0.000000e+00	0.000000e+00	5.034267e-01	
8.690000e+01	7.534885e-01	0.000000e+00	0.000000e+00	7.534885e-01	
8.700000e+01	1.503685e+00	0.000000e+00	0.000000e+00	1.503685e+00	
8.710000e+01	7.502018e-01	0.000000e+00	0.000000e+00	7.502018e-01	
8.720000e+01	4.990443e-01	0.000000e+00	0.000000e+00	4.990443e-01	
8.730000e+01	4.979576e-01	0.000000e+00	0.000000e+00	4.979576e-01	
8.740000e+01	7.453118e-01	0.000000e+00	0.000000e+00	7.453118e-01	
8.750000e+01	7.436925e-01	0.000000e+00	0.000000e+00	7.436925e-01	
8.760000e+01	1.236797e+00	0.000000e+00	0.000000e+00	1.236797e+00	
8.770000e+01	1.480939e+00	0.000000e+00	0.000000e+00	1.480939e+00	
8.780000e+01	1.231443e+00	0.000000e+00	0.000000e+00	1.231443e+00	
8.790000e+01	7.372675e-01	0.000000e+00	0.000000e+00	7.372675e-01	
8.800000e+01	4.904495e-01	0.000000e+00	0.000000e+00	4.904495e-01	
8.810000e+01	4.893908e-01	0.000000e+00	0.000000e+00	4.893908e-01	
8.820000e+01	9.766709e-01	0.000000e+00	0.000000e+00	9.766709e-01	
8.830000e+01	9.745672e-01	0.000000e+00	0.000000e+00	9.745672e-01	
8.840000e+01	7.293527e-01	0.000000e+00	0.000000e+00	7.293527e-01	
8.850000e+01	2.425950e-01	0.000000e+00	0.000000e+00	2.425950e-01	
8.860000e+01	1.210371e+00	0.000000e+00	0.000000e+00	1.210371e+00	
8.870000e+01	4.831099e-01	0.000000e+00	0.000000e+00	4.831099e-01	
8.880000e+01	4.820748e-01	0.000000e+00	0.000000e+00	4.820748e-01	
8.890000e+01	7.215647e-01	0.000000e+00	0.000000e+00	7.215647e-01	
8.900000e+01	7.200221e-01	0.000000e+00	0.000000e+00	7.200221e-01	
8.910000e+01	1.436969e+00	0.000000e+00	0.000000e+00	1.436969e+00	
8.920000e+01	1.194919e+00	0.000000e+00	0.000000e+00	1.194919e+00	
8.930000e+01	2.384746e-01	0.000000e+00	0.000000e+00	2.384746e-01	
8.940000e+01	7.139007e-01	0.000000e+00	0.000000e+00	7.139007e-01	
8.950000e+01	9.498435e-01	0.000000e+00	0.000000e+00	9.498435e-01	
8.960000e+01	7.108694e-01	0.000000e+00	0.000000e+00	7.108694e-01	
8.970000e+01	9.458144e-01	0.000000e+00	0.000000e+00	9.458144e-01	
8.980000e+01	1.179762e+00	0.000000e+00	0.000000e+00	1.179762e+00	
8.990000e+01	7.063583e-01	0.000000e+00	0.000000e+00	7.063583e-01	
9.000000e+01	1.409728e+00	0.000000e+00	0.000000e+00	1.409728e+00	
9.010000e+01	1.406749e+00	0.000000e+00	0.000000e+00	1.406749e+00	
9.020000e+01	4.679267e-01	0.000000e+00	0.000000e+00	4.679267e-01	
9.030000e+01	4.669400e-01	0.000000e+00	0.000000e+00	4.669400e-01	
9.040000e+01	1.164891e+00	0.000000e+00	0.000000e+00	1.164891e+00	
9.050000e+01	9.299520e-01	0.000000e+00	0.000000e+00	9.299520e-01	
9.060000e+01	6.959981e-01	0.000000e+00	0.000000e+00	6.959981e-01	
9.070000e+01	6.945366e-01	0.000000e+00	0.000000e+00	6.945366e-01	
9.080000e+01	6.930798e-01	0.000000e+00	0.000000e+00	6.930798e-01	
9.090000e+01	1.152713e+00	0.000000e+00	0.000000e+00	1.152713e+00	
9.100000e+01	1.610420e+00	0.000000e+00	0.000000e+00	1.610420e+00	
9.110000e+01	2.066210e+00	0.000000e+00	0.000000e+00	2.066210e+00	
9.120000e+01	1.145497e+00	0.000000e+00	0.000000e+00	1.145497e+00	
9.130000e+01	6.858640e-01	0.000000e+00	0.000000e+00	6.858640e-01	
9.140000e+01	4.562896e-01	0.000000e+00	0.000000e+00	4.562896e-01	
9.150000e+01	2.276697e-01	0.000000e+00	0.000000e+00	2.276697e-01	
9.160000e+01	9.087847e-01	0.000000e+00	0.000000e+00	9.087847e-01	
9.170000e+01	4.534481e-01	0.000000e+00	0.000000e+00	4.534481e-01	
9.180000e+01	6.787603e-01	0.000000e+00	0.000000e+00	6.787603e-01	
9.190000e+01	0.000000e+00	0.000000e+00	0.000000e+00	0.000000e+00	
9.200000e+01	6.759497e-01	0.000000e+00	0.000000e+00	6.759497e-01	
9.210000e+01	2.248503e-01	0.000000e+00	0.000000e+00	2.248503e-01	
9.220000e+01	8.975420e-01	0.000000e+00	0.000000e+00	8.975420e-01	
9.230000e+01	8.956885e-01	0.000000e+00	0.000000e+00	8.956885e-01	
9.240000e+01	8.938409e-01	0.000000e+00	0.000000e+00	8.938409e-01	
9.250000e+01	8.919989e-01	0.000000e+00	0.000000e+00	8.919989e-01	
9.260000e+01	1.112703e+00	0.000000e+00	0.000000e+00	1.112703e+00	
9.270000e+01	8.883318e-01	0.000000e+00	0.000000e+00	8.883318e-01	
9.280000e+01	1.329760e+00	0.000000e+00	0.000000e+00	1.329760e+00	
9.290000e+01	8.846874e-01	0.000000e+00	0.000000e+00	8.846874e-01	
9.300000e+01	2.207184e-01	0.000000e+00	0.000000e+00	2.207184e-01	
9.310000e+01	2.202663e-01	0.000000e+00	0.000000e+00	2.202663e-01	
9.320000e+01	4.396313e-01	0.000000e+00	0.000000e+00	4.396313e-01	
9.330000e+01	2.193664e-01	0.000000e+00	0.000000e+00	2.193664e-01	
9.340000e+01	1.313511e+00	0.000000e+00	0.000000e+00	1.313511e+00	
9.350000e+01	6.554158e-01	0.000000e+00	0.000000e+00	6.554158e-01	
9.360000e+01	8.721070e-01	0.000000e+00	0.000000e+00	8.721070e-01	
9.370000e+01	8.703316e-01	0.000000e+00	0.000000e+00	8.703316e-01	
9.380000e+01	4.342809e-01	0.000000e+00	0.000000e+00	4.342809e-01	
9.390000e+01	4.333987e-01	0.000000e+00	0.000000e+00	4.333987e-01	
9.400000e+01	1.081298e+00	0.000000e+00	0.000000e+00	1.081298e+00	
9.410000e+01	8.632845e-01	0.000000e+00	0.000000e+00	8.632845e-01	
9.420000e+01	1.292304e+00	0.000000e+00	0.000000e+00	1.292304e+00	
9.430000e+01	8.597929e-01	0.000000e+00	0.000000e+00	8.597929e-01	
9.440000e+01	1.072569e+00	0.000000e+00	0.000000e+00	1.072569e+00	
9.450000e+01	8.563226e-01	0.000000e+00	0.000000e+00	8.563226e-01	
9.460000e+01	0.000000e+00	0.000000e+00	0.000000e+00	0.000000e+00	
9.470000e+01	2.132183e+00	0.000000e+00	0.000000e+00	2.132183e+00	
9.480000e+01	6.383671e-01	0.000000e+00	0.000000e+00	6.383671e-01	
9.490000e+01	6.370834e-01	0.000000e+00	0.000000e+00	6.370834e-01	
9.500000e+01	1.059672e+00	0.000000e+00	0.000000e+00	1.059672e+00	
9.510000e+01	1.269055e+00	0.000000e+00	0.000000e+00	1.269055e+00	
9.520000e+01	6.332551e-01	0.000000e+00	0.000000e+00	6.332551e-01	
9.530000e+01	2.106622e-01	0.000000e+00	0.000000e+00	2.106622e-01	
9.540000e+01	4.204814e-01	0.000000e+00	0.000000e+00	4.204814e-01	
9.550000e+01	2.098204e-01	0.000000e+00	0.000000e+00	2.098204e-01	
9.560000e+01	1.047007e+00	0.000000e+00	0.000000e+00	1.047007e+00	
9.570000e+01	1.253902e+00	0.000000e+00	0.000000e+00	1.253902e+00	
9.580000e+01	2.085671e-01	0.000000e+00	0.000000e+00	2.085671e-01	
9.590000e+01	1.248911e+00	0.000000e+00	0.000000e+00	1.248911e+00	
9.600000e+01	1.246427e+00	0.000000e+00	0.000000e+00	1.246427e+00	
9.610000e+01	1.036625e+00	0.000000e+00	0.000000e+00	1.036625e+00	
9.620000e+01	6.207405e-01	0.000000e+00	0.000000e+00	6.207405e-01	
9.630000e+01	1.239019e+00	0.000000e+00	0.000000e+00	1.239019e+00	
9.640000e+01	8.243762e-01	0.000000e+00	0.000000e+00	8.243762e-01	
9.650000e+01	1.028431e+00	0.000000e+00	0.000000e+00	1.028431e+00	
9.660000e+01	1.642236e+00	0.000000e+00	0.000000e+00	1.642236e+00	
9.670000e+01	1.024370e+00	0.000000e+00	0.000000e+00	1.024370e+00	
9.680000e+01	8.178786e-01	0.000000e+00	0.000000e+00	8.178786e-01	
9.690000e+01	1.224399e+00	0.000000e+00	0.000000e+00	1.224399e+00	
9.700000e+01	8.146586e-01	0.000000e+00	0.000000e+00	8.146586e-01	
9.710000e+01	1.016320e+00	0.000000e+00	0.000000e+00	1.016320e+00	
9.720000e+01	1.622915e+00	0.000000e+00	0.000000e+00	1.622915e+00	
9.730000e+01	6.073982e-01	0.000000e+00	0.000000e+00	6.073982e-01	
9.740000e+01	1.212413e+00	0.000000e+00	0.000000e+00	1.212413e+00	
9.750000e+01	1.411710e+00	0.000000e+00	0.000000e+00	1.411710e+00	
9.760000e+01	1.207668e+00	0.000000e+00	0.000000e+00	1.207668e+00	
9.770000e+01	6.026528e-01	0.000000e+00	0.000000e+00	6.026528e-01	
9.780000e+01	8.019670e-01	0.000000e+00	0.000000e+00	8.019670e-01	
9.790000e+01	1.000502e+00	0.000000e+00	0.000000e+00	1.000502e+00	
9.800000e+01	3.994202e-01	0.000000e+00	0.000000e+00	3.994202e-01	
9.810000e+01	5.979630e-01	0.000000e+00	0.000000e+00	5.979630e-01	
9.820000e+01	1.193598e+00	0.000000e+00	0.000000e+00	1.193598e+00	
9.830000e+01	1.389823e+00	0.000000e+00	0.000000e+00	1.389823e+00	
9.840000e+01	9.908023e-01	0.000000e+00	0.000000e+00	9.908023e-01	
9.850000e+01	1.186655e+00	0.000000e+00	0.000000e+00	1.186655e+00	
9.860000e+01	5.921773e-01	0.000000e+00	0.000000e+00	5.921773e-01	
9.870000e+01	5.910301e-01	0.000000e+00	0.000000e+00	5.910301e-01	
9.880000e+01	7.865151e-01	0.000000e+00	0.000000e+00	7.865151e-01	
9.890000e+01	5.887460e-01	0.000000e+00	0.000000e+00	5.887460e-01	
9.900000e+01	5.876089e-01	0.000000e+00	0.000000e+00	5.876089e-01	
9.910000e+01	9.774584e-01	0.000000e+00	0.000000e+00	9.774584e-01	
9.920000e+01	5.853444e-01	0.000000e+00	0.000000e+00	5.853444e-01	
9.930000e+01	5.842172e-01	0.000000e+00	0.000000e+00	5.842172e-01	
9.940000e+01	3.887288e-01	0.000000e+00	0.000000e+00	3.887288e-01	
9.950000e+01	3.879816e-01	0.000000e+00	0.000000e+00	3.879816e-01	
9.960000e+01	1.548946e+00	0.000000e+00	0.000000e+00	1.548946e+00	
9.970000e+01	9.662340e-01	0.000000e+00	0.000000e+00	9.662340e-01	
9.980000e+01	7.715057e-01	0.000000e+00	0.000000e+00	7.715057e-01	
9.990000e+01	5.775213e-01	0.000000e+00	0.000000e+00	5.775213e-01	
1.000000e+02	7.685554e-01	0.000000e+00	0.000000e+00	7.685554e-01	
1.001000e+02	7.670866e-01	0.000000e+00	0.000000e+00	7.670866e-01	
1.002000e+02	9.570274e-01	0.000000e+00	0.000000e+00	9.570274e-01	
1.003000e+02	1.528323e+00	0.000000e+00	0.000000e+00	1.528323e+00	
1.004000e+02	7.627053e-01	0.000000e+00	0.000000e+00	7.627053e-01	
1.005000e+02	1.141880e+00	0.000000e+00	0.000000e+00	1.141880e+00	
1.006000e+02	7.598053e-01	0.000000e+00	0.000000e+00	7.598053e-01	
1.007000e+02	1.516723e+00	0.000000e+00	0.000000e+00	1.516723e+00	
1.008000e+02	1.135383e+00	0.000000e+00	0.000000e+00	1.135383e+00	
1.009000e+02	7.554862e-01	0.000000e+00	0.000000e+00	7.554862e-01	
1.010000e+02	1.885137e-01	0.000000e+00	0.000000e+00	1.885137e-01	
1.011000e+02	3.763136e-01	0.000000e+00	0.000000e+00	3.763136e-01	
1.012000e+02	1.126806e+00	0.000000e+00	0.000000e+00	1.126806e+00	
1.013000e+02	9.372305e-01	0.000000e+00	0.000000e+00	9.372305e-01	
1.014000e+02	1.309646e+00	0.000000e+00	0.000000e+00	1.309646e+00	
1.015000e+02	1.307176e+00	0.000000e+00	0.000000e+00	1.307176e+00	
1.016000e+02	1.118326e+00	0.000000e+00	0.000000e+00	1.118326e+00	
1.017000e+02	5.581102e-01	0.000000e+00	0.000000e+00	5.581102e-01	
1.018000e+02	9.284344e-01	0.000000e+00	0.000000e+00	9.284344e-01	
1.019000e+02	1.482704e+00	0.000000e+00	0.000000e+00	1.482704e+00	
1.020000e+02	7.399606e-01	0.000000e+00	0.000000e+00	7.399606e-01	
1.021000e+02	5.539297e-01	0.000000e+00	0.000000e+00	5.539297e-01	
1.022000e+02	7.371891e-01	0.000000e+00	0.000000e+00	7.371891e-01	
1.023000e+02	9.197615e-01	0.000000e+00	0.000000e+00	9.197615e-01	
1.024000e+02	9.180416e-01	0.000000e+00	0.000000e+00	9.180416e-01	
1.025000e+02	9.163264e-01	0.000000e+00	0.000000e+00	9.163264e-01	
1.026000e+02	1.097539e+00	0.000000e+00	0.000000e+00	1.097539e+00	
1.027000e+02	3.651642e-01	0.000000e+00	0.000000e+00	3.651642e-01	
1.028000e+02	7.289677e-01	0.000000e+00	0.000000e+00	7.289677e-01	
1.029000e+02	1.819027e-01	0.000000e+00	0.000000e+00	1.819027e-01	
1.030000e+02	1.452516e+00	0.000000e+00	0.000000e+00	1.452516e+00	
1.031000e+02	1.268590e+00	0.000000e+00	0.000000e+00	1.268590e+00	
1.032000e+02	1.447126e+00	0.000000e+00	0.000000e+00	1.447126e+00	
1.033000e+02	7.222212e-01	0.000000e+00	0.000000e+00	7.222212e-01	
1.034000e+02	1.261545e+00	0.000000e+00	0.000000e+00	1.261545e+00	
1.035000e+02	8.994360e-01	0.000000e+00	0.000000e+00	8.994360e-01	
1.036000e+02	1.077327e+00	0.000000e+00	0.000000e+00	1.077327e+00	
1.037000e+02	1.254560e+00	0.000000e+00	0.000000e+00	1.254560e+00	
1.038000e+02	5.366759e-01	0.000000e+00	0.000000e+00	5.366759e-01	
1.039000e+02	8.928103e-01	0.000000e+00	0.000000e+00	8.928103e-01	
1.040000e+02	1.069399e+00	0.000000e+00	0.000000e+00	1.069399e+00	
1.041000e+02	1.601145e+00	0.000000e+00	0.000000e+00	1.601145e+00	
1.042000e+02	7.103112e-01	0.000000e+00	0.000000e+00	7.103112e-01	
1.043000e+02	5.317546e-01	0.000000e+00	0.000000e+00	5.317546e-01	
1.044000e+02	8.846307e-01	0.000000e+00	0.000000e+00	8.846307e-01	
1.045000e+02	7.064067e-01	0.000000e+00	0.000000e+00	7.064067e-01	
1.046000e+02	1.586503e+00	0.000000e+00	0.000000e+00	1.586503e+00	
1.047000e+02	5.278660e-01	0.000000e+00	0.000000e+00	5.278660e-01	
1.048000e+02	7.025341e-01	0.000000e+00	0.000000e+00	7.025341e-01	
1.049000e+02	1.753126e+00	0.000000e+00	0.000000e+00	1.753126e+00	
1.050000e+02	6.999701e-01	0.000000e+00	0.000000e+00	6.999701e-01	
1.051000e+02	1.048040e+00	0.000000e+00	0.000000e+00	1.048040e+00	
1.052000e+02	8.717752e-01	0.000000e+00	0.000000e+00	8.717752e-01	
1.053000e+02	1.044226e+00	0.000000e+00	0.000000e+00	1.044226e+00	
1.054000e+02	5.211631e-01	0.000000e+00	0.000000e+00	5.211631e-01	
1.055000e+02	8.670266e-01	0.000000e+00	0.000000e+00	8.670266e-01	
1.056000e+02	1.211633e+00	0.000000e+00	0.000000e+00	1.211633e+00	
1.057000e+02	8.638822e-01	0.000000e+00	0.000000e+00	8.638822e-01	
1.058000e+02	8.623166e-01	0.000000e+00	0.000000e+00	8.623166e-01	
1.059000e+02	6.886041e-01	0.000000e+00	0.000000e+00	6.886041e-01	
1.060000e+02	1.202877e+00	0.000000e+00	0.000000e+00	1.202877e+00	
1.061000e+02	2.058348e+00	0.000000e+00	0.000000e+00	2.058348e+00	
1.062000e+02	8.560961e-01	0.000000e+00	0.000000e+00	8.560961e-01	
1.063000e+02	1.196372e+00	0.000000e+00	0.000000e+00	1.196372e+00	
1.064000e+02	8.530111e-01	0.000000e+00	0.000000e+00	8.530111e-01	
1.065000e+02	1.021770e+00	0.000000e+00	0.000000e+00	1.021770e+00	
1.066000e+02	5.099657e-01	0.000000e+00	0.000000e+00	5.099657e-01	
1.067000e+02	3.393659e-01	0.000000e+00	0.000000e+00	3.393659e-01	
1.068000e+02	5.081345e-01	0.000000e+00	0.000000e+00	5.081345e-01	
1.069000e+02	8.453711e-01	0.000000e+00	0.000000e+00	8.453711e-01	
1.070000e+02	1.350169e+00	0.000000e+00	0.000000e+00	1.350169e+00	
1.071000e+02	6.738751e-01	0.000000e+00	0.000000e+00	6.738751e-01	
1.072000e+02	3.363345e-01	0.000000e+00	0.000000e+00	3.363345e-01	
1.073000e+02	1.175066e+00	0.000000e+00	0.000000e+00	1.175066e+00	
1.074000e+02	8.378332e-01	0.000000e+00	0.000000e+00	8.378332e-01	
1.075000e+02	5.018027e-01	0.000000e+00	0.000000e+00	5.018027e-01	
1.076000e+02	8.348464e-01	0.000000e+00	0.000000e+00	8.348464e-01	
1.077000e+02	6.666871e-01	0.000000e+00	0.000000e+00	6.666871e-01	
1.078000e+02	1.331001e+00	0.000000e+00	0.000000e+00	1.331001e+00	
1.079000e+02	9.964749e-01	0.000000e+00	0.000000e+00	9.964749e-01	
1.080000e+02	6.631362e-01	0.000000e+00	0.000000e+00	6.631362e-01	
1.081000e+02	8.274485e-01	0.000000e+00	0.000000e+00	8.274485e-01	
1.082000e+02	1.156373e+00	0.000000e+00	0.000000e+00	1.156373e+00	
1.083000e+02	1.649034e+00	0.000000e+00	0.000000e+00	1.649034e+00	
1.084000e+02	1.316891e+00	0.000000e+00	0.000000e+00	1.316891e+00	
1.085000e+02	9.859211e-01	0.000000e+00	0.000000e+00	9.859211e-01	
1.086000e+02	6.561189e-01	0.000000e+00	0.000000e+00	6.561189e-01	
1.087000e+02	1.309920e+00	0.000000e+00	0.000000e+00	1.309920e+00	
1.088000e+02	3.269023e-01	0.000000e+00	0.000000e+00	3.269023e-01	
1.089000e+02	9.789780e-01	0.000000e+00	0.000000e+00	9.789780e-01	
1.090000e+02	4.886268e-01	0.000000e+00	0.000000e+00	4.886268e-01	
1.091000e+02	8.129450e-01	0.000000e+00	0.000000e+00	8.129450e-01	
1.092000e+02	4.869093e-01	0.000000e+00	0.000000e+00	4.869093e-01	
1.093000e+02	9.721079e-01	0.000000e+00	0.000000e+00	9.721079e-01	
1.094000e+02	6.469345e-01	0.000000e+00	0.000000e+00	6.469345e-01	
1.095000e+02	8.072500e-01	0.000000e+00	0.000000e+00	8.072500e-01	
1.096000e+02	4.835014e-01	0.000000e+00	0.000000e+00	4.835014e-01	
1.097000e+02	9.653100e-01	0.000000e+00	0.000000e+00	9.653100e-01	
1.098000e+02	6.424145e-01	0.000000e+00	0.000000e+00	6.424145e-01	
1.099000e+02	1.122261e+00	0.000000e+00	0.000000e+00	1.122261e+00	
1.100000e+02	4.801292e-01	0.000000e+00	0.000000e+00	4.801292e-01	
1.101000e+02	1.437875e+00	0.000000e+00	0.000000e+00	1.437875e+00	
1.102000e+02	6.379415e-01	0.000000e+00	0.000000e+00	6.379415e-01	
1.103000e+02	1.114454e+00	0.000000e+00	0.000000e+00	1.114454e+00	
1.104000e+02	3.178613e-01	0.000000e+00	0.000000e+00	3.178613e-01	
1.105000e+02	7.932720e-01	0.000000e+00	0.000000e+00	7.932720e-01	
1.106000e+02	7.918941e-01	0.000000e+00	0.000000e+00	7.918941e-01	
1.107000e+02	6.324159e-01	0.000000e+00	0.000000e+00	6.324159e-01	
1.108000e+02	4.734895e-01	0.000000e+00	0.000000e+00	4.734895e-01	
1.109000e+02	1.418008e+00	0.000000e+00	0.000000e+00	1.418008e+00	
1.110000e+02	1.887405e+00	0.000000e+00	0.000000e+00	1.887405e+00	
1.111000e+02	9.420704e-01	0.000000e+00	0.000000e+00	9.420704e-01	
1.112000e+02	6.269617e-01	0.000000e+00	0.000000e+00	6.269617e-01	
1.113000e+02	7.823492e-01	0.000000e+00	0.000000e+00	7.823492e-01	
1.114000e+02	1.249600e+00	0.000000e+00	0.000000e+00	1.249600e+00	
1.115000e+02	1.559308e+00	0.000000e+00	0.000000e+00	1.559308e+00	
1.116000e+02	9.339736e-01	0.000000e+00	0.000000e+00	9.339736e-01	
1.117000e+02	9.323667e-01	0.000000e+00	0.000000e+00	9.323667e-01	
1.118000e+02	9.307640e-01	0.000000e+00	0.000000e+00	9.307640e-01	
1.119000e+02	4.645827e-01	0.000000e+00	0.000000e+00	4.645827e-01	
1.120000e+02	4.637855e-01	0.000000e+00	0.000000e+00	4.637855e-01	
1.121000e+02	9.259807e-01	0.000000e+00	0.000000e+00	9.259807e-01	
1.122000e+02	1.232526e+00	0.000000e+00	0.000000e+00	1.232526e+00	
1.123000e+02	3.076040e-01	0.000000e+00	0.000000e+00	3.076040e-01	
1.124000e+02	4.606170e-01	0.000000e+00	0.000000e+00	4.606170e-01	
1.125000e+02	1.226213e+00	0.000000e+00	0.000000e+00	1.226213e+00	
1.126000e+02	1.530150e+00	0.000000e+00	0.000000e+00	1.530150e+00	
1.127000e+02	0.000000e+00	0.000000e+00	0.000000e+00	0.000000e+00	
1.128000e+02	6.099746e-01	0.000000e+00	0.000000e+00	6.099746e-01	
1.129000e+02	1.370106e+00	0.000000e+00	0.000000e+00	1.370106e+00	
1.130000e+02	7.598748e-01	0.000000e+00	0.000000e+00	7.598748e-01	
1.131000e+02	4.551498e-01	0.000000e+00	0.000000e+00	4.551498e-01	
1.132000e+02	9.087534e-01	0.000000e+00	0.000000e+00	9.087534e-01	
1.133000e+02	6.048075e-01	0.000000e+00	0.000000e+00	6.048075e-01	
1.134000e+02	1.358509e+00	0.000000e+00	0.000000e+00	1.358509e+00	
1.135000e+02	1.808277e+00	0.000000e+00	0.000000e+00	1.808277e+00	
1.136000e+02	1.203478e+00	0.000000e+00	0.000000e+00	1.203478e+00	
1.137000e+02	3.003605e-01	0.000000e+00	0.000000e+00	3.003605e-01	
1.138000e+02	1.049485e+00	0.000000e+00	0.000000e+00	1.049485e+00	
1.139000e+02	5.986933e-01	0.000000e+00	0.000000e+00	5.986933e-01	
1.140000e+02	5.976833e-01	0.000000e+00	0.000000e+00	5.976833e-01	
1.141000e+02	5.966758e-01	0.000000e+00	0.000000e+00	5.966758e-01	
1.142000e+02	1.042424e+00	0.000000e+00	0.000000e+00	1.042424e+00	
1.143000e+02	1.784005e+00	0.000000e+00	0.000000e+00	1.784005e+00	
1.144000e+02	2.968343e-01	0.000000e+00	0.000000e+00	2.968343e-01	
1.145000e+02	7.408391e-01	0.000000e+00	0.000000e+00	7.408391e-01	
1.146000e+02	1.035434e+00	0.000000e+00	0.000000e+00	1.035434e+00	
1.147000e+02	8.860260e-01	0.000000e+00	0.000000e+00	8.860260e-01	
1.148000e+02	8.845413e-01	0.000000e+00	0.000000e+00	8.845413e-01	
1.149000e+02	4.415301e-01	0.000000e+00	0.000000e+00	4.415301e-01	
1.150000e+02	7.346525e-01	0.000000e+00	0.000000e+00	7.346525e-01	
1.151000e+02	1.173479e+00	0.000000e+00	0.000000e+00	1.173479e+00	
1.152000e+02	1.025079e+00	0.000000e+00	0.000000e+00	1.025079e+00	
1.153000e+02	2.923911e-01	0.000000e+00	0.000000e+00	2.923911e-01	
1.154000e+02	1.021662e+00	0.000000e+00	0.000000e+00	1.021662e+00	
1.155000e+02	1.457086e-01	0.000000e+00	0.000000e+00	1.457086e-01	
