0.000000e+00	0.000000e+00	0.000000e+00	0.000000e+00	0.000000e+00	
1.000000e-01	0.000000e+00	0.000000e+00	0.000000e+00	0.000000e+00	
2.000000e-01	0.000000e+00	0.000000e+00	0.000000e+00	0.000000e+00	
3.000000e-01	0.000000e+00	0.000000e+00	0.000000e+00	0.000000e+00	
4.000000e-01	0.000000e+00	0.000000e+00	0.000000e+00	0.000000e+00	
5.000000e-01	0.000000e+00	0.000000e+00	0.000000e+00	0.000000e+00	
6.000000e-01	0.000000e+00	0.000000e+00	0.000000e+00	0.000000e+00	
7.000000e-01	0.000000e+00	0.000000e+00	0.000000e+00	0.000000e+00	
8.000000e-01	0.000000e+00	0.000000e+00	0.000000e+00	0.000000e+00	
9.000000e-01	0.000000e+00	0.000000e+00	0.000000e+00	0.000000e+00	
1.000000e+00	0.000000e+00	0.000000e+00	0.000000e+00	0.000000e+00	
1.100000e+00	0.000000e+00	0.000000e+00	0.000000e+00	0.000000e+00	
1.200000e+00	0.000000e+00	0.000000e+00	0.000000e+00	0.000000e+00	
1.300000e+00	0.000000e+00	0.000000e+00	0.000000e+00	0.000000e+00	
1.400000e+00	0.000000e+00	0.000000e+00	0.000000e+00	0.000000e+00	
1.500000e+00	0.000000e+00	0.000000e+00	0.000000e+00	0.000000e+00	
1.600000e+00	0.000000e+00	0.000000e+00	0.000000e+00	0.000000e+00	
1.700000e+00	0.000000e+00	0.000000e+00	0.000000e+00	0.000000e+00	
1.800000e+00	0.000000e+00	0.000000e+00	0.000000e+00	0.000000e+00	
1.900000e+00	0.000000e+00	0.000000e+00	0.000000e+00	0.000000e+00	
2.000000e+00	0.000000e+00	0.000000e+00	0.000000e+00	0.000000e+00	
2.100000e+00	0.000000e+00	0.000000e+00	0.000000e+00	0.000000e+00	
2.200000e+00	0.000000e+00	0.000000e+00	0.000000e+00	0.000000e+00	
2.300000e+00	0.000000e+00	0.000000e+00	0.000000e+00	0.000000e+00	
2.400000e+00	0.000000e+00	0.000000e+00	0.000000e+00	0.000000e+00	
2.500000e+00	0.000000e+00	0.000000e+00	0.000000e+00	0.000000e+00	
2.600000e+00	0.000000e+00	0.000000e+00	0.000000e+00	0.000000e+00	
2.700000e+00	0.000000e+00	0.000000e+00	0.000000e+00	0.000000e+00	
2.800000e+00	0.000000e+00	0.000000e+00	0.000000e+00	0.000000e+00	
2.900000e+00	6.027651e+01	0.000000e+00	0.000000e+00	6.027651e+01	
3.000000e+00	5.828403e+02	0.000000e+00	0.000000e+00	5.828403e+02	
3.100000e+00	1.127775e+02	0.000000e+00	0.000000e+00	1.127775e+02	
3.200000e+00	5.458443e+01	0.000000e+00	0.000000e+00	5.458443e+01	
3.300000e+00	1.057307e+02	0.000000e+00	0.000000e+00	1.057307e+02	
3.400000e+00	5.122620e+01	0.000000e+00	0.000000e+00	5.122620e+01	
3.500000e+00	0.000000e+00	0.000000e+00	0.000000e+00	0.000000e+00	
3.600000e+00	0.000000e+00	0.000000e+00	0.000000e+00	0.000000e+00	
3.700000e+00	0.000000e+00	0.000000e+00	0.000000e+00	0.000000e+00	
3.800000e+00	0.000000e+00	0.000000e+00	0.000000e+00	0.000000e+00	
3.900000e+00	0.000000e+00	0.000000e+00	0.000000e+00	0.000000e+00	
4.000000e+00	0.000000e+00	0.000000e+00	0.000000e+00	0.000000e+00	
4.100000e+00	4.162320e+01	0.000000e+00	0.000000e+00	4.162320e+01	
4.200000e+00	4.047502e+01	0.000000e+00	0.000000e+00	4.047502e+01	
4.300000e+00	0.000000e+00	0.000000e+00	0.000000e+00	0.000000e+00	
4.400000e+00	3.831675e+01	0.000000e+00	0.000000e+00	3.831675e+01	
4.500000e+00	0.000000e+00	0.000000e+00	0.000000e+00	0.000000e+00	
4.600000e+00	0.000000e+00	0.000000e+00	0.000000e+00	0.000000e+00	
4.700000e+00	0.000000e+00	0.000000e+00	0.000000e+00	0.000000e+00	
4.800000e+00	0.000000e+00	0.000000e+00	0.000000e+00	0.000000e+00	
4.900000e+00	3.362002e+01	0.000000e+00	0.000000e+00	3.362002e+01	
5.000000e+00	0.000000e+00	0.000000e+00	0.000000e+00	0.000000e+00	
5.100000e+00	0.000000e+00	0.000000e+00	0.000000e+00	0.000000e+00	
5.200000e+00	3.120501e+01	0.000000e+00	0.000000e+00	3.120501e+01	
5.300000e+00	0.000000e+00	0.000000e+00	0.000000e+00	0.000000e+00	
5.400000e+00	0.000000e+00	0.000000e+00	0.000000e+00	0.000000e+00	
5.500000e+00	2.904118e+01	0.000000e+00	0.000000e+00	2.904118e+01	
5.600000e+00	0.000000e+00	0.000000e+00	0.000000e+00	0.000000e+00	
5.700000e+00	0.000000e+00	0.000000e+00	0.000000e+00	0.000000e+00	
5.800000e+00	0.000000e+00	0.000000e+00	0.000000e+00	0.000000e+00	
5.900000e+00	0.000000e+00	0.000000e+00	0.000000e+00	0.000000e+00	
6.000000e+00	5.180803e+01	0.000000e+00	0.000000e+00	5.180803e+01	
6.100000e+00	0.000000e+00	0.000000e+00	0.000000e+00	0.000000e+00	
6.200000e+00	0.000000e+00	0.000000e+00	0.000000e+00	0.000000e+00	
6.300000e+00	0.000000e+00	0.000000e+00	0.000000e+00	0.000000e+00	
6.400000e+00	0.000000e+00	0.000000e+00	0.000000e+00	0.000000e+00	
6.500000e+00	0.000000e+00	0.000000e+00	0.000000e+00	0.000000e+00	
6.600000e+00	2.276720e+01	0.000000e+00	0.000000e+00	2.276720e+01	
6.700000e+00	0.000000e+00	0.000000e+00	0.000000e+00	0.000000e+00	
6.800000e+00	2.184741e+01	0.000000e+00	0.000000e+00	2.184741e+01	
6.900000e+00	0.000000e+00	0.000000e+00	0.000000e+00	0.000000e+00	
7.000000e+00	0.000000e+00	0.000000e+00	0.000000e+00	0.000000e+00	
7.100000e+00	0.000000e+00	0.000000e+00	0.000000e+00	0.000000e+00	
7.200000e+00	0.000000e+00	0.000000e+00	0.000000e+00	0.000000e+00	
7.300000e+00	1.977778e+01	0.000000e+00	0.000000e+00	1.977778e+01	
7.400000e+00	0.000000e+00	0.000000e+00	0.000000e+00	0.000000e+00	
7.500000e+00	1.903152e+01	0.000000e+00	0.000000e+00	1.903152e+01	
7.600000e+00	0.000000e+00	0.000000e+00	0.000000e+00	0.000000e+00	
7.700000e+00	0.000000e+00	0.000000e+00	0.000000e+00	0.000000e+00	
7.800000e+00	0.000000e+00	0.000000e+00	0.000000e+00	0.000000e+00	
7.900000e+00	0.000000e+00	0.000000e+00	0.000000e+00	0.000000e+00	
8.000000e+00	1.734070e+01	0.000000e+00	0.000000e+00	1.734070e+01	
8.100000e+00	0.000000e+00	0.000000e+00	0.000000e+00	0.000000e+00	
8.200000e+00	0.000000e+00	0.000000e+00	0.000000e+00	0.000000e+00	
8.300000e+00	0.000000e+00	0.000000e+00	0.000000e+00	0.000000e+00	
8.400001e+00	0.000000e+00	0.000000e+00	0.000000e+00	0.000000e+00	
8.500000e+00	0.000000e+00	0.000000e+00	0.000000e+00	0.000000e+00	
8.600000e+00	0.000000e+00	0.000000e+00	0.000000e+00	0.000000e+00	
8.700000e+00	0.000000e+00	0.000000e+00	0.000000e+00	0.000000e+00	
8.800000e+00	0.000000e+00	0.000000e+00	0.000000e+00	0.000000e+00	
8.900001e+00	1.481693e+01	0.000000e+00	0.000000e+00	1.481693e+01	
9.000000e+00	0.000000e+00	0.000000e+00	0.000000e+00	0.000000e+00	
9.100000e+00	0.000000e+00	0.000000e+00	0.000000e+00	0.000000e+00	
9.200000e+00	0.000000e+00	0.000000e+00	0.000000e+00	0.000000e+00	
9.300000e+00	0.000000e+00	0.000000e+00	0.000000e+00	0.000000e+00	
9.400001e+00	0.000000e+00	0.000000e+00	0.000000e+00	0.000000e+00	
9.500000e+00	0.000000e+00	0.000000e+00	0.000000e+00	0.000000e+00	
9.600000e+00	0.000000e+00	0.000000e+00	0.000000e+00	0.000000e+00	
9.700000e+00	0.000000e+00	0.000000e+00	0.000000e+00	0.000000e+00	
9.800000e+00	1.280655e+01	0.000000e+00	0.000000e+00	1.280655e+01	
9.900001e+00	0.000000e+00	0.000000e+00	0.000000e+00	0.000000e+00	
1.000000e+01	1.241553e+01	0.000000e+00	0.000000e+00	1.241553e+01	
1.010000e+01	0.000000e+00	0.000000e+00	0.000000e+00	0.000000e+00	
1.020000e+01	0.000000e+00	0.000000e+00	0.000000e+00	0.000000e+00	
1.030000e+01	0.000000e+00	0.000000e+00	0.000000e+00	0.000000e+00	
1.040000e+01	0.000000e+00	0.000000e+00	0.000000e+00	0.000000e+00	
1.050000e+01	2.302579e+01	0.000000e+00	0.000000e+00	2.302579e+01	
1.060000e+01	0.000000e+00	0.000000e+00	0.000000e+00	0.000000e+00	
1.070000e+01	0.000000e+00	0.000000e+00	0.000000e+00	0.000000e+00	
1.080000e+01	0.000000e+00	0.000000e+00	0.000000e+00	0.000000e+00	
1.090000e+01	0.000000e+00	0.000000e+00	0.000000e+00	0.000000e+00	
1.100000e+01	0.000000e+00	0.000000e+00	0.000000e+00	0.000000e+00	
1.110000e+01	0.000000e+00	0.000000e+00	0.000000e+00	0.000000e+00	
1.120000e+01	0.000000e+00	0.000000e+00	0.000000e+00	0.000000e+00	
1.130000e+01	0.000000e+00	0.000000e+00	0.000000e+00	0.000000e+00	
1.140000e+01	0.000000e+00	0.000000e+00	0.000000e+00	0.000000e+00	
1.150000e+01	0.000000e+00	0.000000e+00	0.000000e+00	0.000000e+00	
1.160000e+01	0.000000e+00	0.000000e+00	0.000000e+00	0.000000e+00	
1.170000e+01	0.000000e+00	0.000000e+00	0.000000e+00	0.000000e+00	
1.180000e+01	0.000000e+00	0.000000e+00	0.000000e+00	0.000000e+00	
1.190000e+01	0.000000e+00	0.000000e+00	0.000000e+00	0.000000e+00	
1.200000e+01	0.000000e+00	0.000000e+00	0.000000e+00	0.000000e+00	
1.210000e+01	0.000000e+00	0.000000e+00	0.000000e+00	0.000000e+00	
1.220000e+01	0.000000e+00	0.000000e+00	0.000000e+00	0.000000e+00	
1.230000e+01	0.000000e+00	0.000000e+00	0.000000e+00	0.000000e+00	
1.240000e+01	0.000000e+00	0.000000e+00	0.000000e+00	0.000000e+00	
1.250000e+01	0.000000e+00	0.000000e+00	0.000000e+00	0.000000e+00	
1.260000e+01	0.000000e+00	0.000000e+00	0.000000e+00	0.000000e+00	
1.270000e+01	0.000000e+00	0.000000e+00	0.000000e+00	0.000000e+00	
1.280000e+01	0.000000e+00	0.000000e+00	0.000000e+00	0.000000e+00	
1.290000e+01	0.000000e+00	0.000000e+00	0.000000e+00	0.000000e+00	
1.300000e+01	0.000000e+00	0.000000e+00	0.000000e+00	0.000000e+00	
1.310000e+01	8.094692e+00	0.000000e+00	0.000000e+00	8.094692e+00	
1.320000e+01	0.000000e+00	0.000000e+00	0.000000e+00	0.000000e+00	
1.330000e+01	0.000000e+00	0.000000e+00	0.000000e+00	0.000000e+00	
1.340000e+01	0.000000e+00	0.000000e+00	0.000000e+00	0.000000e+00	
1.350000e+01	0.000000e+00	0.000000e+00	0.000000e+00	0.000000e+00	
1.360000e+01	0.000000e+00	0.000000e+00	0.000000e+00	0.000000e+00	
1.370000e+01	0.000000e+00	0.000000e+00	0.000000e+00	0.000000e+00	
1.380000e+01	0.000000e+00	0.000000e+00	0.000000e+00	0.000000e+00	
1.390000e+01	0.000000e+00	0.000000e+00	0.000000e+00	0.000000e+00	
1.400000e+01	0.000000e+00	0.000000e+00	0.000000e+00	0.000000e+00	
1.410000e+01	0.000000e+00	0.000000e+00	0.000000e+00	0.000000e+00	
1.420000e+01	7.092432e+00	0.000000e+00	0.000000e+00	7.092432e+00	
1.430000e+01	0.000000e+00	0.000000e+00	0.000000e+00	0.000000e+00	
1.440000e+01	0.000000e+00	0.000000e+00	0.000000e+00	0.000000e+00	
1.450000e+01	0.000000e+00	0.000000e+00	0.000000e+00	0.000000e+00	
1.460000e+01	0.000000e+00	0.000000e+00	0.000000e+00	0.000000e+00	
1.470000e+01	0.000000e+00	0.000000e+00	0.000000e+00	0.000000e+00	
1.480000e+01	6.622350e+00	0.000000e+00	0.000000e+00	6.622350e+00	
1.490000e+01	0.000000e+00	0.000000e+00	0.000000e+00	0.000000e+00	
1.500000e+01	6.476004e+00	0.000000e+00	0.000000e+00	6.476004e+00	
1.510000e+01	6.404643e+00	0.000000e+00	0.000000e+00	6.404643e+00	
1.520000e+01	0.000000e+00	0.000000e+00	0.000000e+00	0.000000e+00	
1.530000e+01	0.000000e+00	0.000000e+00	0.000000e+00	0.000000e+00	
1.540000e+01	0.000000e+00	0.000000e+00	0.000000e+00	0.000000e+00	
1.550000e+01	0.000000e+00	0.000000e+00	0.000000e+00	0.000000e+00	
1.560000e+01	0.000000e+00	0.000000e+00	0.000000e+00	0.000000e+00	
1.570000e+01	0.000000e+00	0.000000e+00	0.000000e+00	0.000000e+00	
1.580000e+01	1.187316e+01	0.000000e+00	0.000000e+00	1.187316e+01	
1.590000e+01	0.000000e+00	0.000000e+00	0.000000e+00	0.000000e+00	
1.600000e+01	0.000000e+00	0.000000e+00	0.000000e+00	0.000000e+00	
1.610000e+01	5.751556e+00	0.000000e+00	0.000000e+00	5.751556e+00	
1.620000e+01	0.000000e+00	0.000000e+00	0.000000e+00	0.000000e+00	
1.630000e+01	0.000000e+00	0.000000e+00	0.000000e+00	0.000000e+00	
1.640000e+01	5.575049e+00	0.000000e+00	0.000000e+00	5.575049e+00	
1.650000e+01	0.000000e+00	0.000000e+00	0.000000e+00	0.000000e+00	
1.660000e+01	0.000000e+00	0.000000e+00	0.000000e+00	0.000000e+00	
1.670000e+01	0.000000e+00	0.000000e+00	0.000000e+00	0.000000e+00	
1.680000e+01	1.070414e+01	0.000000e+00	0.000000e+00	1.070414e+01	
1.690000e+01	0.000000e+00	0.000000e+00	0.000000e+00	0.000000e+00	
1.700000e+01	0.000000e+00	0.000000e+00	0.000000e+00	0.000000e+00	
1.710000e+01	0.000000e+00	0.000000e+00	0.000000e+00	0.000000e+00	
1.720000e+01	0.000000e+00	0.000000e+00	0.000000e+00	0.000000e+00	
1.730000e+01	0.000000e+00	0.000000e+00	0.000000e+00	0.000000e+00	
1.740000e+01	0.000000e+00	0.000000e+00	0.000000e+00	0.000000e+00	
1.750000e+01	4.992803e+00	0.000000e+00	0.000000e+00	4.992803e+00	
1.760000e+01	4.944446e+00	0.000000e+00	0.000000e+00	4.944446e+00	
1.770000e+01	0.000000e+00	0.000000e+00	0.000000e+00	0.000000e+00	
1.780000e+01	0.000000e+00	0.000000e+00	0.000000e+00	0.000000e+00	
1.790000e+01	0.000000e+00	0.000000e+00	0.000000e+00	0.000000e+00	
1.800000e+01	0.000000e+00	0.000000e+00	0.000000e+00	0.000000e+00	
1.810000e+01	0.000000e+00	0.000000e+00	0.000000e+00	0.000000e+00	
1.820000e+01	0.000000e+00	0.000000e+00	0.000000e+00	0.000000e+00	
1.830000e+01	0.000000e+00	0.000000e+00	0.000000e+00	0.000000e+00	
1.840000e+01	0.000000e+00	0.000000e+00	0.000000e+00	0.000000e+00	
1.850000e+01	0.000000e+00	0.000000e+00	0.000000e+00	0.000000e+00	
1.860000e+01	4.497225e+00	0.000000e+00	0.000000e+00	4.497225e+00	
1.870000e+01	4.455871e+00	0.000000e+00	0.000000e+00	4.455871e+00	
1.880000e+01	0.000000e+00	0.000000e+00	0.000000e+00	0.000000e+00	
1.890000e+01	0.000000e+00	0.000000e+00	0.000000e+00	0.000000e+00	
1.900000e+01	0.000000e+00	0.000000e+00	0.000000e+00	0.000000e+00	
1.910000e+01	0.000000e+00	0.000000e+00	0.000000e+00	0.000000e+00	
1.920000e+01	0.000000e+00	0.000000e+00	0.000000e+00	0.000000e+00	
1.930000e+01	0.000000e+00	0.000000e+00	0.000000e+00	0.000000e+00	
1.940000e+01	0.000000e+00	0.000000e+00	0.000000e+00	0.000000e+00	
1.950000e+01	0.000000e+00	0.000000e+00	0.000000e+00	0.000000e+00	
1.960000e+01	8.216090e+00	0.000000e+00	0.000000e+00	8.216090e+00	
1.970000e+01	0.000000e+00	0.000000e+00	0.000000e+00	0.000000e+00	
1.980000e+01	4.036290e+00	0.000000e+00	0.000000e+00	4.036290e+00	
1.990000e+01	0.000000e+00	0.000000e+00	0.000000e+00	0.000000e+00	
2.000000e+01	0.000000e+00	0.000000e+00	0.000000e+00	0.000000e+00	
2.010000e+01	0.000000e+00	0.000000e+00	0.000000e+00	0.000000e+00	
2.020000e+01	0.000000e+00	0.000000e+00	0.000000e+00	0.000000e+00	
2.030000e+01	7.729835e+00	0.000000e+00	0.000000e+00	7.729835e+00	
2.040000e+01	0.000000e+00	0.000000e+00	0.000000e+00	0.000000e+00	
2.050000e+01	0.000000e+00	0.000000e+00	0.000000e+00	0.000000e+00	
2.060000e+01	0.000000e+00	0.000000e+00	0.000000e+00	0.000000e+00	
2.070000e+01	0.000000e+00	0.000000e+00	0.000000e+00	0.000000e+00	
2.080000e+01	7.408463e+00	0.000000e+00	0.000000e+00	7.408463e+00	
2.090000e+01	0.000000e+00	0.000000e+00	0.000000e+00	0.000000e+00	
2.100000e+01	0.000000e+00	0.000000e+00	0.000000e+00	0.000000e+00	
2.110000e+01	3.612584e+00	0.000000e+00	0.000000e+00	3.612584e+00	
2.120000e+01	7.165580e+00	0.000000e+00	0.000000e+00	7.165580e+00	
2.130000e+01	0.000000e+00	0.000000e+00	0.000000e+00	0.000000e+00	
2.140000e+01	0.000000e+00	0.000000e+00	0.000000e+00	0.000000e+00	
2.150000e+01	0.000000e+00	0.000000e+00	0.000000e+00	0.000000e+00	
2.160000e+01	0.000000e+00	0.000000e+00	0.000000e+00	0.000000e+00	
2.170000e+01	0.000000e+00	0.000000e+00	0.000000e+00	0.000000e+00	
2.180000e+01	3.411526e+00	0.000000e+00	0.000000e+00	3.411526e+00	
2.190000e+01	0.000000e+00	0.000000e+00	0.000000e+00	0.000000e+00	
2.200000e+01	3.357161e+00	0.000000e+00	0.000000e+00	3.357161e+00	
2.210000e+01	0.000000e+00	0.000000e+00	0.000000e+00	0.000000e+00	
2.220000e+01	0.000000e+00	0.000000e+00	0.000000e+00	0.000000e+00	
2.230000e+01	0.000000e+00	0.000000e+00	0.000000e+00	0.000000e+00	
2.240000e+01	0.000000e+00	0.000000e+00	0.000000e+00	0.000000e+00	
2.250000e+01	0.000000e+00	0.000000e+00	0.000000e+00	0.000000e+00	
2.260000e+01	3.201638e+00	0.000000e+00	0.000000e+00	3.201638e+00	
2.270000e+01	0.000000e+00	0.000000e+00	0.000000e+00	0.000000e+00	
2.280000e+01	0.000000e+00	0.000000e+00	0.000000e+00	0.000000e+00	
2.290000e+01	0.000000e+00	0.000000e+00	0.000000e+00	0.000000e+00	
2.300000e+01	6.207767e+00	0.000000e+00	0.000000e+00	6.207767e+00	
2.310000e+01	0.000000e+00	0.000000e+00	0.000000e+00	0.000000e+00	
2.320000e+01	0.000000e+00	0.000000e+00	0.000000e+00	0.000000e+00	
2.330000e+01	0.000000e+00	0.000000e+00	0.000000e+00	0.000000e+00	
2.340000e+01	0.000000e+00	0.000000e+00	0.000000e+00	0.000000e+00	
2.350000e+01	0.000000e+00	0.000000e+00	0.000000e+00	0.000000e+00	
2.360000e+01	2.965438e+00	0.000000e+00	0.000000e+00	2.965438e+00	
2.370000e+01	2.943266e+00	0.000000e+00	0.000000e+00	2.943266e+00	
2.380000e+01	0.000000e+00	0.000000e+00	0.000000e+00	0.000000e+00	
2.390000e+01	0.000000e+00	0.000000e+00	0.000000e+00	0.000000e+00	
2.400000e+01	5.756448e+00	0.000000e+00	0.000000e+00	5.756448e+00	
2.410000e+01	0.000000e+00	0.000000e+00	0.000000e+00	0.000000e+00	
2.420000e+01	2.836052e+00	0.000000e+00	0.000000e+00	2.836052e+00	
2.430000e+01	0.000000e+00	0.000000e+00	0.000000e+00	0.000000e+00	
2.440000e+01	0.000000e+00	0.000000e+00	0.000000e+00	0.000000e+00	
2.450000e+01	2.774513e+00	0.000000e+00	0.000000e+00	2.774513e+00	
2.460000e+01	0.000000e+00	0.000000e+00	0.000000e+00	0.000000e+00	
2.470000e+01	0.000000e+00	0.000000e+00	0.000000e+00	0.000000e+00	
2.480000e+01	2.714954e+00	0.000000e+00	0.000000e+00	2.714954e+00	
2.490000e+01	2.695527e+00	0.000000e+00	0.000000e+00	2.695527e+00	
2.500000e+01	0.000000e+00	0.000000e+00	0.000000e+00	0.000000e+00	
2.510000e+01	0.000000e+00	0.000000e+00	0.000000e+00	0.000000e+00	
2.520000e+01	0.000000e+00	0.000000e+00	0.000000e+00	0.000000e+00	
2.530000e+01	2.619867e+00	0.000000e+00	0.000000e+00	2.619867e+00	
2.540000e+01	0.000000e+00	0.000000e+00	0.000000e+00	0.000000e+00	
2.550000e+01	5.166452e+00	0.000000e+00	0.000000e+00	5.166452e+00	
2.560000e+01	2.565193e+00	0.000000e+00	0.000000e+00	2.565193e+00	
2.570000e+01	0.000000e+00	0.000000e+00	0.000000e+00	0.000000e+00	
2.580000e+01	2.529689e+00	0.000000e+00	0.000000e+00	2.529689e+00	
2.590000e+01	0.000000e+00	0.000000e+00	0.000000e+00	0.000000e+00	
2.600000e+01	0.000000e+00	0.000000e+00	0.000000e+00	0.000000e+00	
2.610000e+01	2.477799e+00	0.000000e+00	0.000000e+00	2.477799e+00	
2.620000e+01	2.460857e+00	0.000000e+00	0.000000e+00	2.460857e+00	
2.630000e+01	2.444088e+00	0.000000e+00	0.000000e+00	2.444088e+00	
2.640000e+01	0.000000e+00	0.000000e+00	0.000000e+00	0.000000e+00	
2.650000e+01	0.000000e+00	0.000000e+00	0.000000e+00	0.000000e+00	
2.660000e+01	2.394797e+00	0.000000e+00	0.000000e+00	2.394797e+00	
2.670000e+01	2.378697e+00	0.000000e+00	0.000000e+00	2.378697e+00	
2.680000e+01	0.000000e+00	0.000000e+00	0.000000e+00	0.000000e+00	
2.690000e+01	4.693964e+00	0.000000e+00	0.000000e+00	4.693964e+00	
2.700000e+01	2.331361e+00	0.000000e+00	0.000000e+00	2.331361e+00	
2.710000e+01	2.315896e+00	0.000000e+00	0.000000e+00	2.315896e+00	
2.720000e+01	0.000000e+00	0.000000e+00	0.000000e+00	0.000000e+00	
2.730000e+01	0.000000e+00	0.000000e+00	0.000000e+00	0.000000e+00	
2.740000e+01	0.000000e+00	0.000000e+00	0.000000e+00	0.000000e+00	
2.750000e+01	2.255550e+00	0.000000e+00	0.000000e+00	2.255550e+00	
2.760000e+01	0.000000e+00	0.000000e+00	0.000000e+00	0.000000e+00	
2.770000e+01	0.000000e+00	0.000000e+00	0.000000e+00	0.000000e+00	
2.780000e+01	2.211824e+00	0.000000e+00	0.000000e+00	2.211824e+00	
2.790000e+01	4.395063e+00	0.000000e+00	0.000000e+00	4.395063e+00	
2.800000e+01	2.183377e+00	0.000000e+00	0.000000e+00	2.183377e+00	
2.810000e+01	2.169358e+00	0.000000e+00	0.000000e+00	2.169358e+00	
2.820000e+01	2.155474e+00	0.000000e+00	0.000000e+00	2.155474e+00	
2.830000e+01	0.000000e+00	0.000000e+00	0.000000e+00	0.000000e+00	
2.840000e+01	0.000000e+00	0.000000e+00	0.000000e+00	0.000000e+00	
2.850000e+01	2.114614e+00	0.000000e+00	0.000000e+00	2.114614e+00	
2.860000e+01	4.202502e+00	0.000000e+00	0.000000e+00	4.202502e+00	
2.870000e+01	4.176030e+00	0.000000e+00	0.000000e+00	4.176030e+00	
2.880000e+01	0.000000e+00	0.000000e+00	0.000000e+00	0.000000e+00	
2.890000e+01	0.000000e+00	0.000000e+00	0.000000e+00	0.000000e+00	
2.900000e+01	2.049048e+00	0.000000e+00	0.000000e+00	2.049048e+00	
2.910000e+01	2.036302e+00	0.000000e+00	0.000000e+00	2.036302e+00	
2.920000e+01	2.023673e+00	0.000000e+00	0.000000e+00	2.023673e+00	
2.930000e+01	4.022323e+00	0.000000e+00	0.000000e+00	4.022323e+00	
2.940000e+01	0.000000e+00	0.000000e+00	0.000000e+00	0.000000e+00	
2.950000e+01	0.000000e+00	0.000000e+00	0.000000e+00	0.000000e+00	
2.960000e+01	0.000000e+00	0.000000e+00	0.000000e+00	0.000000e+00	
2.970000e+01	0.000000e+00	0.000000e+00	0.000000e+00	0.000000e+00	
2.980000e+01	0.000000e+00	0.000000e+00	0.000000e+00	0.000000e+00	
2.990000e+01	0.000000e+00	0.000000e+00	0.000000e+00	0.000000e+00	
3.000000e+01	1.926745e+00	0.000000e+00	0.000000e+00	1.926745e+00	
3.010000e+01	1.915121e+00	0.000000e+00	0.000000e+00	1.915121e+00	
3.020000e+01	0.000000e+00	0.000000e+00	0.000000e+00	0.000000e+00	
3.030000e+01	0.000000e+00	0.000000e+00	0.000000e+00	0.000000e+00	
3.040000e+01	1.880872e+00	0.000000e+00	0.000000e+00	1.880872e+00	
3.050000e+01	1.869659e+00	0.000000e+00	0.000000e+00	1.869659e+00	
3.060000e+01	0.000000e+00	0.000000e+00	0.000000e+00	0.000000e+00	
3.070000e+01	0.000000e+00	0.000000e+00	0.000000e+00	0.000000e+00	
3.080000e+01	0.000000e+00	0.000000e+00	0.000000e+00	0.000000e+00	
3.090000e+01	3.651596e+00	0.000000e+00	0.000000e+00	3.651596e+00	
3.100000e+01	0.000000e+00	0.000000e+00	0.000000e+00	0.000000e+00	
3.110000e+01	0.000000e+00	0.000000e+00	0.000000e+00	0.000000e+00	
3.120000e+01	0.000000e+00	0.000000e+00	0.000000e+00	0.000000e+00	
3.130000e+01	1.783462e+00	0.000000e+00	0.000000e+00	1.783462e+00	
3.140000e+01	0.000000e+00	0.000000e+00	0.000000e+00	0.000000e+00	
3.150000e+01	3.525688e+00	0.000000e+00	0.000000e+00	3.525688e+00	
3.160000e+01	0.000000e+00	0.000000e+00	0.000000e+00	0.000000e+00	
3.170000e+01	3.485163e+00	0.000000e+00	0.000000e+00	3.485163e+00	
3.180000e+01	1.732581e+00	0.000000e+00	0.000000e+00	1.732581e+00	
3.190000e+01	0.000000e+00	0.000000e+00	0.000000e+00	0.000000e+00	
3.200000e+01	3.425674e+00	0.000000e+00	0.000000e+00	3.425674e+00	
3.210000e+01	0.000000e+00	0.000000e+00	0.000000e+00	0.000000e+00	
3.220000e+01	1.693428e+00	0.000000e+00	0.000000e+00	1.693428e+00	
3.230000e+01	1.683847e+00	0.000000e+00	0.000000e+00	1.683847e+00	
3.240000e+01	1.674347e+00	0.000000e+00	0.000000e+00	1.674347e+00	
3.250000e+01	0.000000e+00	0.000000e+00	0.000000e+00	0.000000e+00	
3.260000e+01	0.000000e+00	0.000000e+00	0.000000e+00	0.000000e+00	
3.270000e+01	1.646325e+00	0.000000e+00	0.000000e+00	1.646325e+00	
3.280000e+01	0.000000e+00	0.000000e+00	0.000000e+00	0.000000e+00	
3.290000e+01	3.256066e+00	0.000000e+00	0.000000e+00	3.256066e+00	
3.300000e+01	1.619001e+00	0.000000e+00	0.000000e+00	1.619001e+00	
3.310000e+01	4.830131e+00	0.000000e+00	0.000000e+00	4.830131e+00	
3.320000e+01	0.000000e+00	0.000000e+00	0.000000e+00	0.000000e+00	
3.330000e+01	3.184702e+00	0.000000e+00	0.000000e+00	3.184702e+00	
3.340000e+01	0.000000e+00	0.000000e+00	0.000000e+00	0.000000e+00	
3.350000e+01	0.000000e+00	0.000000e+00	0.000000e+00	0.000000e+00	
3.360000e+01	0.000000e+00	0.000000e+00	0.000000e+00	0.000000e+00	
3.370000e+01	0.000000e+00	0.000000e+00	0.000000e+00	0.000000e+00	
3.380000e+01	1.549375e+00	0.000000e+00	0.000000e+00	1.549375e+00	
3.390000e+01	4.622965e+00	0.000000e+00	0.000000e+00	4.622965e+00	
3.400000e+01	3.065340e+00	0.000000e+00	0.000000e+00	3.065340e+00	
3.410000e+01	0.000000e+00	0.000000e+00	0.000000e+00	0.000000e+00	
3.420000e+01	1.516234e+00	0.000000e+00	0.000000e+00	1.516234e+00	
3.430000e+01	1.508115e+00	0.000000e+00	0.000000e+00	1.508115e+00	
3.440000e+01	0.000000e+00	0.000000e+00	0.000000e+00	0.000000e+00	
3.450000e+01	1.492071e+00	0.000000e+00	0.000000e+00	1.492071e+00	
3.460000e+01	0.000000e+00	0.000000e+00	0.000000e+00	0.000000e+00	
3.470000e+01	0.000000e+00	0.000000e+00	0.000000e+00	0.000000e+00	
3.480000e+01	0.000000e+00	0.000000e+00	0.000000e+00	0.000000e+00	
3.490000e+01	0.000000e+00	0.000000e+00	0.000000e+00	0.000000e+00	
3.500000e+01	1.453065e+00	0.000000e+00	0.000000e+00	1.453065e+00	
3.510000e+01	2.890893e+00	0.000000e+00	0.000000e+00	2.890893e+00	
3.520000e+01	1.437889e+00	0.000000e+00	0.000000e+00	1.437889e+00	
3.530000e+01	0.000000e+00	0.000000e+00	0.000000e+00	0.000000e+00	
3.540000e+01	0.000000e+00	0.000000e+00	0.000000e+00	0.000000e+00	
3.550000e+01	0.000000e+00	0.000000e+00	0.000000e+00	0.000000e+00	
3.560000e+01	1.408242e+00	0.000000e+00	0.000000e+00	1.408242e+00	
3.570000e+01	0.000000e+00	0.000000e+00	0.000000e+00	0.000000e+00	
3.580000e+01	0.000000e+00	0.000000e+00	0.000000e+00	0.000000e+00	
3.590000e+01	0.000000e+00	0.000000e+00	0.000000e+00	0.000000e+00	
3.600000e+01	0.000000e+00	0.000000e+00	0.000000e+00	0.000000e+00	
3.610000e+01	0.000000e+00	0.000000e+00	0.000000e+00	0.000000e+00	
3.620000e+01	1.365463e+00	0.000000e+00	0.000000e+00	1.365463e+00	
3.630000e+01	1.358523e+00	0.000000e+00	0.000000e+00	1.358523e+00	
3.640000e+01	1.351636e+00	0.000000e+00	0.000000e+00	1.351636e+00	
3.650000e+01	0.000000e+00	0.000000e+00	0.000000e+00	0.000000e+00	
3.660000e+01	0.000000e+00	0.000000e+00	0.000000e+00	0.000000e+00	
3.670000e+01	0.000000e+00	0.000000e+00	0.000000e+00	0.000000e+00	
3.680000e+01	1.324604e+00	0.000000e+00	0.000000e+00	1.324604e+00	
3.690000e+01	2.635945e+00	0.000000e+00	0.000000e+00	2.635945e+00	
3.700000e+01	0.000000e+00	0.000000e+00	0.000000e+00	0.000000e+00	
3.710000e+01	5.219433e+00	0.000000e+00	0.000000e+00	5.219433e+00	
3.720000e+01	2.596749e+00	0.000000e+00	0.000000e+00	2.596749e+00	
3.730000e+01	0.000000e+00	0.000000e+00	0.000000e+00	0.000000e+00	
3.740000e+01	1.285551e+00	0.000000e+00	0.000000e+00	1.285551e+00	
3.750000e+01	0.000000e+00	0.000000e+00	0.000000e+00	0.000000e+00	
3.760000e+01	0.000000e+00	0.000000e+00	0.000000e+00	0.000000e+00	
3.770000e+01	0.000000e+00	0.000000e+00	0.000000e+00	0.000000e+00	
3.780000e+01	2.520936e+00	0.000000e+00	0.000000e+00	2.520936e+00	
3.790000e+01	3.762935e+00	0.000000e+00	0.000000e+00	3.762935e+00	
3.800000e+01	0.000000e+00	0.000000e+00	0.000000e+00	0.000000e+00	
3.810000e+01	1.242134e+00	0.000000e+00	0.000000e+00	1.242134e+00	
3.820000e+01	1.236112e+00	0.000000e+00	0.000000e+00	1.236112e+00	
3.830000e+01	2.460266e+00	0.000000e+00	0.000000e+00	2.460266e+00	
3.840000e+01	0.000000e+00	0.000000e+00	0.000000e+00	0.000000e+00	
3.850000e+01	0.000000e+00	0.000000e+00	0.000000e+00	0.000000e+00	
3.860000e+01	0.000000e+00	0.000000e+00	0.000000e+00	0.000000e+00	
3.870000e+01	0.000000e+00	0.000000e+00	0.000000e+00	0.000000e+00	
3.880000e+01	1.200880e+00	0.000000e+00	0.000000e+00	1.200880e+00	
3.890000e+01	0.000000e+00	0.000000e+00	0.000000e+00	0.000000e+00	
3.900000e+01	0.000000e+00	0.000000e+00	0.000000e+00	0.000000e+00	
3.910000e+01	0.000000e+00	0.000000e+00	0.000000e+00	0.000000e+00	
3.920000e+01	0.000000e+00	0.000000e+00	0.000000e+00	0.000000e+00	
3.930000e+01	1.172658e+00	0.000000e+00	0.000000e+00	1.172658e+00	
3.940000e+01	2.334266e+00	0.000000e+00	0.000000e+00	2.334266e+00	
3.950000e+01	2.323294e+00	0.000000e+00	0.000000e+00	2.323294e+00	
3.960000e+01	1.156200e+00	0.000000e+00	0.000000e+00	1.156200e+00	
3.970000e+01	1.150791e+00	0.000000e+00	0.000000e+00	1.150791e+00	
3.980000e+01	2.290839e+00	0.000000e+00	0.000000e+00	2.290839e+00	
3.990000e+01	2.280171e+00	0.000000e+00	0.000000e+00	2.280171e+00	
4.000000e+01	3.404367e+00	0.000000e+00	0.000000e+00	3.404367e+00	
4.010000e+01	1.129529e+00	0.000000e+00	0.000000e+00	1.129529e+00	
4.020000e+01	1.124306e+00	0.000000e+00	0.000000e+00	1.124306e+00	
4.030000e+01	1.119119e+00	0.000000e+00	0.000000e+00	1.119119e+00	
4.040000e+01	2.227936e+00	0.000000e+00	0.000000e+00	2.227936e+00	
4.050000e+01	1.108852e+00	0.000000e+00	0.000000e+00	1.108852e+00	
4.060000e+01	0.000000e+00	0.000000e+00	0.000000e+00	0.000000e+00	
4.070000e+01	1.098726e+00	0.000000e+00	0.000000e+00	1.098726e+00	
4.080000e+01	1.093714e+00	0.000000e+00	0.000000e+00	1.093714e+00	
4.090000e+01	3.266211e+00	0.000000e+00	0.000000e+00	3.266211e+00	
4.100000e+01	1.083794e+00	0.000000e+00	0.000000e+00	1.083794e+00	
4.110000e+01	0.000000e+00	0.000000e+00	0.000000e+00	0.000000e+00	
4.120000e+01	0.000000e+00	0.000000e+00	0.000000e+00	0.000000e+00	
4.130000e+01	0.000000e+00	0.000000e+00	0.000000e+00	0.000000e+00	
4.140000e+01	2.128708e+00	0.000000e+00	0.000000e+00	2.128708e+00	
4.150000e+01	1.059576e+00	0.000000e+00	0.000000e+00	1.059576e+00	
4.160000e+01	0.000000e+00	0.000000e+00	0.000000e+00	0.000000e+00	
4.170000e+01	1.050115e+00	0.000000e+00	0.000000e+00	1.050115e+00	
4.180000e+01	1.045433e+00	0.000000e+00	0.000000e+00	1.045433e+00	
4.190000e+01	1.040781e+00	0.000000e+00	0.000000e+00	1.040781e+00	
4.200000e+01	1.036161e+00	0.000000e+00	0.000000e+00	1.036161e+00	
4.210000e+01	1.031571e+00	0.000000e+00	0.000000e+00	1.031571e+00	
4.220000e+01	2.054023e+00	0.000000e+00	0.000000e+00	2.054023e+00	
4.230000e+01	0.000000e+00	0.000000e+00	0.000000e+00	0.000000e+00	
4.240000e+01	0.000000e+00	0.000000e+00	0.000000e+00	0.000000e+00	
4.250000e+01	0.000000e+00	0.000000e+00	0.000000e+00	0.000000e+00	
4.260000e+01	0.000000e+00	0.000000e+00	0.000000e+00	0.000000e+00	
4.270000e+01	1.004661e+00	0.000000e+00	0.000000e+00	1.004661e+00	
4.280000e+01	2.000558e+00	0.000000e+00	0.000000e+00	2.000558e+00	
4.290000e+01	9.959251e-01	0.000000e+00	0.000000e+00	9.959251e-01	
4.300000e+01	2.974800e+00	0.000000e+00	0.000000e+00	2.974800e+00	
4.310000e+01	1.974605e+00	0.000000e+00	0.000000e+00	1.974605e+00	
4.320000e+01	9.830331e-01	0.000000e+00	0.000000e+00	9.830331e-01	
4.330000e+01	9.787914e-01	0.000000e+00	0.000000e+00	9.787914e-01	
4.340000e+01	0.000000e+00	0.000000e+00	0.000000e+00	0.000000e+00	
4.350000e+01	1.940779e+00	0.000000e+00	0.000000e+00	1.940779e+00	
4.360000e+01	9.662293e-01	0.000000e+00	0.000000e+00	9.662293e-01	
4.370000e+01	9.620959e-01	0.000000e+00	0.000000e+00	9.620959e-01	
4.380000e+01	0.000000e+00	0.000000e+00	0.000000e+00	0.000000e+00	
4.390000e+01	3.815631e+00	0.000000e+00	0.000000e+00	3.815631e+00	
4.400000e+01	9.498529e-01	0.000000e+00	0.000000e+00	9.498529e-01	
4.410000e+01	9.458238e-01	0.000000e+00	0.000000e+00	9.458238e-01	
4.420000e+01	9.418204e-01	0.000000e+00	0.000000e+00	9.418204e-01	
4.430000e+01	0.000000e+00	0.000000e+00	0.000000e+00	0.000000e+00	
4.440000e+01	9.338893e-01	0.000000e+00	0.000000e+00	9.338893e-01	
4.450000e+01	9.299613e-01	0.000000e+00	0.000000e+00	9.299613e-01	
4.460000e+01	1.852116e+00	0.000000e+00	0.000000e+00	1.852116e+00	
4.470000e+01	1.844358e+00	0.000000e+00	0.000000e+00	1.844358e+00	
4.480000e+01	0.000000e+00	0.000000e+00	0.000000e+00	0.000000e+00	
4.490000e+01	0.000000e+00	0.000000e+00	0.000000e+00	0.000000e+00	
4.500000e+01	4.553440e+00	0.000000e+00	0.000000e+00	4.553440e+00	
4.510000e+01	0.000000e+00	0.000000e+00	0.000000e+00	0.000000e+00	
4.520000e+01	9.031461e-01	0.000000e+00	0.000000e+00	9.031461e-01	
4.530000e+01	0.000000e+00	0.000000e+00	0.000000e+00	0.000000e+00	
4.540000e+01	1.791395e+00	0.000000e+00	0.000000e+00	1.791395e+00	
4.550000e+01	1.784015e+00	0.000000e+00	0.000000e+00	1.784015e+00	
4.560000e+01	3.553363e+00	0.000000e+00	0.000000e+00	3.553363e+00	
4.570000e+01	8.846962e-01	0.000000e+00	0.000000e+00	8.846962e-01	
4.580000e+01	0.000000e+00	0.000000e+00	0.000000e+00	0.000000e+00	
4.590000e+01	2.632423e+00	0.000000e+00	0.000000e+00	2.632423e+00	
4.600000e+01	2.621689e+00	0.000000e+00	0.000000e+00	2.621689e+00	
4.610000e+01	8.703402e-01	0.000000e+00	0.000000e+00	8.703402e-01	
4.620000e+01	1.733612e+00	0.000000e+00	0.000000e+00	1.733612e+00	
4.630000e+01	2.589880e+00	0.000000e+00	0.000000e+00	2.589880e+00	
4.640000e+01	8.598015e-01	0.000000e+00	0.000000e+00	8.598015e-01	
4.650000e+01	0.000000e+00	0.000000e+00	0.000000e+00	0.000000e+00	
4.660000e+01	1.705763e+00	0.000000e+00	0.000000e+00	1.705763e+00	
4.670000e+01	0.000000e+00	0.000000e+00	0.000000e+00	0.000000e+00	
4.680000e+01	1.692090e+00	0.000000e+00	0.000000e+00	1.692090e+00	
4.690000e+01	2.527972e+00	0.000000e+00	0.000000e+00	2.527972e+00	
4.700000e+01	0.000000e+00	0.000000e+00	0.000000e+00	0.000000e+00	
4.710000e+01	0.000000e+00	0.000000e+00	0.000000e+00	0.000000e+00	
4.720000e+01	8.326159e-01	0.000000e+00	0.000000e+00	8.326159e-01	
4.730000e+01	1.658617e+00	0.000000e+00	0.000000e+00	1.658617e+00	
4.740000e+01	8.260208e-01	0.000000e+00	0.000000e+00	8.260208e-01	
4.750000e+01	8.227528e-01	0.000000e+00	0.000000e+00	8.227528e-01	
4.760000e+01	2.458512e+00	0.000000e+00	0.000000e+00	2.458512e+00	
4.770000e+01	1.632549e+00	0.000000e+00	0.000000e+00	1.632549e+00	
4.780000e+01	1.626128e+00	0.000000e+00	0.000000e+00	1.626128e+00	
4.790000e+01	0.000000e+00	0.000000e+00	0.000000e+00	0.000000e+00	
4.800000e+01	8.066995e-01	0.000000e+00	0.000000e+00	8.066995e-01	
4.810000e+01	0.000000e+00	0.000000e+00	0.000000e+00	0.000000e+00	
4.820000e+01	1.600819e+00	0.000000e+00	0.000000e+00	1.600819e+00	
4.830000e+01	1.594584e+00	0.000000e+00	0.000000e+00	1.594584e+00	
4.840000e+01	7.941926e-01	0.000000e+00	0.000000e+00	7.941926e-01	
4.850000e+01	0.000000e+00	0.000000e+00	0.000000e+00	0.000000e+00	
4.860000e+01	7.880480e-01	0.000000e+00	0.000000e+00	7.880480e-01	
4.870000e+01	0.000000e+00	0.000000e+00	0.000000e+00	0.000000e+00	
4.880000e+01	1.563949e+00	0.000000e+00	0.000000e+00	1.563949e+00	
4.890000e+01	7.789639e-01	0.000000e+00	0.000000e+00	7.789639e-01	
4.900000e+01	7.759709e-01	0.000000e+00	0.000000e+00	7.759709e-01	
4.910000e+01	2.318985e+00	0.000000e+00	0.000000e+00	2.318985e+00	
4.920000e+01	7.700361e-01	0.000000e+00	0.000000e+00	7.700361e-01	
4.930000e+01	0.000000e+00	0.000000e+00	0.000000e+00	0.000000e+00	
4.940000e+01	1.528338e+00	0.000000e+00	0.000000e+00	1.528338e+00	
4.950000e+01	2.283782e+00	0.000000e+00	0.000000e+00	2.283782e+00	
4.960000e+01	0.000000e+00	0.000000e+00	0.000000e+00	0.000000e+00	
4.970000e+01	0.000000e+00	0.000000e+00	0.000000e+00	0.000000e+00	
4.980000e+01	0.000000e+00	0.000000e+00	0.000000e+00	0.000000e+00	
4.990000e+01	0.000000e+00	0.000000e+00	0.000000e+00	0.000000e+00	
5.000000e+01	3.734826e+00	0.000000e+00	0.000000e+00	3.734826e+00	
5.010000e+01	1.488309e+00	0.000000e+00	0.000000e+00	1.488309e+00	
5.020000e+01	7.413595e-01	0.000000e+00	0.000000e+00	7.413595e-01	
5.030000e+01	0.000000e+00	0.000000e+00	0.000000e+00	0.000000e+00	
5.040000e+01	2.943266e+00	0.000000e+00	0.000000e+00	2.943266e+00	
5.050000e+01	7.330685e-01	0.000000e+00	0.000000e+00	7.330685e-01	
5.060000e+01	7.303356e-01	0.000000e+00	0.000000e+00	7.303356e-01	
5.070000e+01	1.455236e+00	0.000000e+00	0.000000e+00	1.455236e+00	
5.080000e+01	7.249158e-01	0.000000e+00	0.000000e+00	7.249158e-01	
5.090000e+01	7.222284e-01	0.000000e+00	0.000000e+00	7.222284e-01	
5.100000e+01	1.439112e+00	0.000000e+00	0.000000e+00	1.439112e+00	
5.110000e+01	0.000000e+00	0.000000e+00	0.000000e+00	0.000000e+00	
5.120000e+01	7.142554e-01	0.000000e+00	0.000000e+00	7.142554e-01	
5.130000e+01	1.423254e+00	0.000000e+00	0.000000e+00	1.423254e+00	
5.140000e+01	2.127039e+00	0.000000e+00	0.000000e+00	2.127039e+00	
5.150000e+01	7.064137e-01	0.000000e+00	0.000000e+00	7.064137e-01	
5.160000e+01	2.815314e+00	0.000000e+00	0.000000e+00	2.815314e+00	
5.170000e+01	7.012573e-01	0.000000e+00	0.000000e+00	7.012573e-01	
5.180000e+01	6.987004e-01	0.000000e+00	0.000000e+00	6.987004e-01	
5.190000e+01	1.392315e+00	0.000000e+00	0.000000e+00	1.392315e+00	
5.200000e+01	0.000000e+00	0.000000e+00	0.000000e+00	0.000000e+00	
5.210000e+01	2.764451e+00	0.000000e+00	0.000000e+00	2.764451e+00	
5.220000e+01	1.377222e+00	0.000000e+00	0.000000e+00	1.377222e+00	
5.230000e+01	2.058368e+00	0.000000e+00	0.000000e+00	2.058368e+00	
5.240000e+01	1.367296e+00	0.000000e+00	0.000000e+00	1.367296e+00	
5.250000e+01	6.811867e-01	0.000000e+00	0.000000e+00	6.811867e-01	
5.260000e+01	1.357477e+00	0.000000e+00	0.000000e+00	1.357477e+00	
5.270000e+01	0.000000e+00	0.000000e+00	0.000000e+00	0.000000e+00	
5.280000e+01	1.347764e+00	0.000000e+00	0.000000e+00	1.347764e+00	
5.290000e+01	2.014419e+00	0.000000e+00	0.000000e+00	2.014419e+00	
5.300000e+01	6.690769e-01	0.000000e+00	0.000000e+00	6.690769e-01	
5.310000e+01	0.000000e+00	0.000000e+00	0.000000e+00	0.000000e+00	
5.320000e+01	6.643233e-01	0.000000e+00	0.000000e+00	6.643233e-01	
5.330000e+01	1.323931e+00	0.000000e+00	0.000000e+00	1.323931e+00	
5.340000e+01	1.319240e+00	0.000000e+00	0.000000e+00	1.319240e+00	
5.350000e+01	0.000000e+00	0.000000e+00	0.000000e+00	0.000000e+00	
5.360000e+01	6.549667e-01	0.000000e+00	0.000000e+00	6.549667e-01	
5.370000e+01	1.957975e+00	0.000000e+00	0.000000e+00	1.957975e+00	
5.380000e+01	6.503624e-01	0.000000e+00	0.000000e+00	6.503624e-01	
5.390000e+01	1.944235e+00	0.000000e+00	0.000000e+00	1.944235e+00	
5.400000e+01	1.291613e+00	0.000000e+00	0.000000e+00	1.291613e+00	
5.410000e+01	1.930639e+00	0.000000e+00	0.000000e+00	1.930639e+00	
5.420000e+01	0.000000e+00	0.000000e+00	0.000000e+00	0.000000e+00	
5.430000e+01	1.278124e+00	0.000000e+00	0.000000e+00	1.278124e+00	
5.440000e+01	1.273674e+00	0.000000e+00	0.000000e+00	1.273674e+00	
5.450000e+01	1.269248e+00	0.000000e+00	0.000000e+00	1.269248e+00	
5.460000e+01	6.324222e-01	0.000000e+00	0.000000e+00	6.324222e-01	
5.470000e+01	1.260464e+00	0.000000e+00	0.000000e+00	1.260464e+00	
5.480000e+01	6.280532e-01	0.000000e+00	0.000000e+00	6.280532e-01	
5.490000e+01	1.251771e+00	0.000000e+00	0.000000e+00	1.251771e+00	
5.500000e+01	3.742376e+00	0.000000e+00	0.000000e+00	3.742376e+00	
5.510000e+01	0.000000e+00	0.000000e+00	0.000000e+00	0.000000e+00	
5.520000e+01	6.194498e-01	0.000000e+00	0.000000e+00	6.194498e-01	
5.530000e+01	0.000000e+00	0.000000e+00	0.000000e+00	0.000000e+00	
5.540000e+01	1.230428e+00	0.000000e+00	0.000000e+00	1.230428e+00	
5.550000e+01	1.226226e+00	0.000000e+00	0.000000e+00	1.226226e+00	
5.560000e+01	6.110220e-01	0.000000e+00	0.000000e+00	6.110220e-01	
5.570000e+01	1.826826e+00	0.000000e+00	0.000000e+00	1.826826e+00	
5.580000e+01	1.213745e+00	0.000000e+00	0.000000e+00	1.213745e+00	
5.590000e+01	1.814440e+00	0.000000e+00	0.000000e+00	1.814440e+00	
5.600000e+01	1.205530e+00	0.000000e+00	0.000000e+00	1.205530e+00	
5.610000e+01	1.802181e+00	0.000000e+00	0.000000e+00	1.802181e+00	
5.620000e+01	5.986992e-01	0.000000e+00	0.000000e+00	5.986992e-01	
5.630000e+01	1.790045e+00	0.000000e+00	0.000000e+00	1.790045e+00	
5.640000e+01	5.946743e-01	0.000000e+00	0.000000e+00	5.946743e-01	
5.650000e+01	5.926772e-01	0.000000e+00	0.000000e+00	5.926772e-01	
5.660000e+01	1.181380e+00	0.000000e+00	0.000000e+00	1.181380e+00	
5.670000e+01	5.887128e-01	0.000000e+00	0.000000e+00	5.887128e-01	
5.680000e+01	0.000000e+00	0.000000e+00	0.000000e+00	0.000000e+00	
5.690000e+01	5.847880e-01	0.000000e+00	0.000000e+00	5.847880e-01	
5.700000e+01	5.828403e-01	0.000000e+00	0.000000e+00	5.828403e-01	
5.710000e+01	1.161805e+00	0.000000e+00	0.000000e+00	1.161805e+00	
5.720000e+01	0.000000e+00	0.000000e+00	0.000000e+00	0.000000e+00	
5.730000e+01	5.770554e-01	0.000000e+00	0.000000e+00	5.770554e-01	
5.740000e+01	1.725438e+00	0.000000e+00	0.000000e+00	1.725438e+00	
5.750000e+01	1.146493e+00	0.000000e+00	0.000000e+00	1.146493e+00	
5.760000e+01	0.000000e+00	0.000000e+00	0.000000e+00	0.000000e+00	
5.770000e+01	5.694751e-01	0.000000e+00	0.000000e+00	5.694751e-01	
5.780000e+01	5.676033e-01	0.000000e+00	0.000000e+00	5.676033e-01	
5.790000e+01	1.131482e+00	0.000000e+00	0.000000e+00	1.131482e+00	
5.800000e+01	1.691662e+00	0.000000e+00	0.000000e+00	1.691662e+00	
5.810000e+01	1.686129e+00	0.000000e+00	0.000000e+00	1.686129e+00	
5.820000e+01	1.120416e+00	0.000000e+00	0.000000e+00	1.120416e+00	
5.830000e+01	1.116763e+00	0.000000e+00	0.000000e+00	1.116763e+00	
5.840000e+01	4.452514e+00	0.000000e+00	0.000000e+00	4.452514e+00	
5.850000e+01	1.109512e+00	0.000000e+00	0.000000e+00	1.109512e+00	
5.860000e+01	1.658868e+00	0.000000e+00	0.000000e+00	1.658868e+00	
5.870000e+01	2.204661e+00	0.000000e+00	0.000000e+00	2.204661e+00	
5.880000e+01	2.746915e+00	0.000000e+00	0.000000e+00	2.746915e+00	
5.890000e+01	2.190437e+00	0.000000e+00	0.000000e+00	2.190437e+00	
5.900000e+01	0.000000e+00	0.000000e+00	0.000000e+00	0.000000e+00	
5.910000e+01	2.176351e+00	0.000000e+00	0.000000e+00	2.176351e+00	
5.920000e+01	1.627019e+00	0.000000e+00	0.000000e+00	1.627019e+00	
5.930000e+01	1.081200e+00	0.000000e+00	0.000000e+00	1.081200e+00	
5.940000e+01	1.077737e+00	0.000000e+00	0.000000e+00	1.077737e+00	
5.950000e+01	5.371457e-01	0.000000e+00	0.000000e+00	5.371457e-01	
5.960000e+01	5.354308e-01	0.000000e+00	0.000000e+00	5.354308e-01	
5.970000e+01	1.067449e+00	0.000000e+00	0.000000e+00	1.067449e+00	
5.980000e+01	1.596078e+00	0.000000e+00	0.000000e+00	1.596078e+00	
5.990000e+01	5.303356e-01	0.000000e+00	0.000000e+00	5.303356e-01	
6.000000e+01	5.286534e-01	0.000000e+00	0.000000e+00	5.286534e-01	
6.010000e+01	1.053958e+00	0.000000e+00	0.000000e+00	1.053958e+00	
6.020000e+01	5.253128e-01	0.000000e+00	0.000000e+00	5.253128e-01	
6.030000e+01	1.570963e+00	0.000000e+00	0.000000e+00	1.570963e+00	
6.040000e+01	5.220037e-01	0.000000e+00	0.000000e+00	5.220037e-01	
6.050000e+01	5.203609e-01	0.000000e+00	0.000000e+00	5.203609e-01	
6.060000e+01	1.556177e+00	0.000000e+00	0.000000e+00	1.556177e+00	
6.070000e+01	1.551295e+00	0.000000e+00	0.000000e+00	1.551295e+00	
6.080000e+01	5.154787e-01	0.000000e+00	0.000000e+00	5.154787e-01	
6.090000e+01	1.027733e+00	0.000000e+00	0.000000e+00	1.027733e+00	
6.100000e+01	0.000000e+00	0.000000e+00	0.000000e+00	0.000000e+00	
6.110000e+01	2.042659e+00	0.000000e+00	0.000000e+00	2.042659e+00	
6.120000e+01	2.036302e+00	0.000000e+00	0.000000e+00	2.036302e+00	
6.130000e+01	2.537466e+00	0.000000e+00	0.000000e+00	2.537466e+00	
6.140000e+01	1.011837e+00	0.000000e+00	0.000000e+00	1.011837e+00	
6.150000e+01	5.043508e-01	0.000000e+00	0.000000e+00	5.043508e-01	
6.160000e+01	1.508371e+00	0.000000e+00	0.000000e+00	1.508371e+00	
6.170000e+01	1.503713e+00	0.000000e+00	0.000000e+00	1.503713e+00	
6.180000e+01	1.998767e+00	0.000000e+00	0.000000e+00	1.998767e+00	
6.190000e+01	0.000000e+00	0.000000e+00	0.000000e+00	0.000000e+00	
6.200000e+01	2.483107e+00	0.000000e+00	0.000000e+00	2.483107e+00	
6.210000e+01	1.485290e+00	0.000000e+00	0.000000e+00	1.485290e+00	
6.220000e+01	9.871587e-01	0.000000e+00	0.000000e+00	9.871587e-01	
6.230000e+01	1.476206e+00	0.000000e+00	0.000000e+00	1.476206e+00	
6.240000e+01	4.905650e-01	0.000000e+00	0.000000e+00	4.905650e-01	
6.250000e+01	0.000000e+00	0.000000e+00	0.000000e+00	0.000000e+00	
6.260000e+01	9.751566e-01	0.000000e+00	0.000000e+00	9.751566e-01	
6.270000e+01	4.860953e-01	0.000000e+00	0.000000e+00	4.860953e-01	
6.280000e+01	1.453856e+00	0.000000e+00	0.000000e+00	1.453856e+00	
6.290000e+01	0.000000e+00	0.000000e+00	0.000000e+00	0.000000e+00	
6.300000e+01	4.816863e-01	0.000000e+00	0.000000e+00	4.816863e-01	
6.310000e+01	4.802298e-01	0.000000e+00	0.000000e+00	4.802298e-01	
6.320000e+01	9.575604e-01	0.000000e+00	0.000000e+00	9.575604e-01	
6.330000e+01	1.432011e+00	0.000000e+00	0.000000e+00	1.432011e+00	
6.340000e+01	4.759003e-01	0.000000e+00	0.000000e+00	4.759003e-01	
6.350000e+01	1.423410e+00	0.000000e+00	0.000000e+00	1.423410e+00	
6.360000e+01	9.460924e-01	0.000000e+00	0.000000e+00	9.460924e-01	
6.370000e+01	1.886516e+00	0.000000e+00	0.000000e+00	1.886516e+00	
6.380000e+01	1.410654e+00	0.000000e+00	0.000000e+00	1.410654e+00	
6.390000e+01	0.000000e+00	0.000000e+00	0.000000e+00	0.000000e+00	
6.400000e+01	2.804489e+00	0.000000e+00	0.000000e+00	2.804489e+00	
6.410000e+01	0.000000e+00	0.000000e+00	0.000000e+00	0.000000e+00	
6.420000e+01	1.393910e+00	0.000000e+00	0.000000e+00	1.393910e+00	
6.430000e+01	4.632569e-01	0.000000e+00	0.000000e+00	4.632569e-01	
6.440000e+01	9.237667e-01	0.000000e+00	0.000000e+00	9.237667e-01	
6.450000e+01	9.210317e-01	0.000000e+00	0.000000e+00	9.210317e-01	
6.460000e+01	0.000000e+00	0.000000e+00	0.000000e+00	0.000000e+00	
6.470000e+01	9.155977e-01	0.000000e+00	0.000000e+00	9.155977e-01	
6.480000e+01	1.369348e+00	0.000000e+00	0.000000e+00	1.369348e+00	
6.490000e+01	9.102119e-01	0.000000e+00	0.000000e+00	9.102119e-01	
6.500000e+01	9.075369e-01	0.000000e+00	0.000000e+00	9.075369e-01	
6.510000e+01	9.048735e-01	0.000000e+00	0.000000e+00	9.048735e-01	
6.520000e+01	4.511109e-01	0.000000e+00	0.000000e+00	4.511109e-01	
6.530000e+01	1.349373e+00	0.000000e+00	0.000000e+00	1.349373e+00	
6.540000e+01	1.345430e+00	0.000000e+00	0.000000e+00	1.345430e+00	
6.550000e+01	1.788673e+00	0.000000e+00	0.000000e+00	1.788673e+00	
6.560000e+01	4.458655e-01	0.000000e+00	0.000000e+00	4.458655e-01	
6.570000e+01	4.445684e-01	0.000000e+00	0.000000e+00	4.445684e-01	
6.580000e+01	1.329831e+00	0.000000e+00	0.000000e+00	1.329831e+00	
6.590000e+01	8.839825e-01	0.000000e+00	0.000000e+00	8.839825e-01	
6.600000e+01	1.762844e+00	0.000000e+00	0.000000e+00	1.762844e+00	
6.610000e+01	8.788728e-01	0.000000e+00	0.000000e+00	8.788728e-01	
6.620000e+01	8.763344e-01	0.000000e+00	0.000000e+00	8.763344e-01	
6.630000e+01	8.738071e-01	0.000000e+00	0.000000e+00	8.738071e-01	
6.640000e+01	4.356454e-01	0.000000e+00	0.000000e+00	4.356454e-01	
6.650000e+01	1.737571e+00	0.000000e+00	0.000000e+00	1.737571e+00	
6.660000e+01	8.662907e-01	0.000000e+00	0.000000e+00	8.662907e-01	
6.670000e+01	8.638065e-01	0.000000e+00	0.000000e+00	8.638065e-01	
6.680000e+01	4.306666e-01	0.000000e+00	0.000000e+00	4.306666e-01	
6.690000e+01	1.288306e+00	0.000000e+00	0.000000e+00	1.288306e+00	
6.700000e+01	2.141046e+00	0.000000e+00	0.000000e+00	2.141046e+00	
6.710000e+01	1.280965e+00	0.000000e+00	0.000000e+00	1.280965e+00	
6.720000e+01	4.257727e-01	0.000000e+00	0.000000e+00	4.257727e-01	
6.730000e+01	1.273687e+00	0.000000e+00	0.000000e+00	1.273687e+00	
6.740000e+01	1.270071e+00	0.000000e+00	0.000000e+00	1.270071e+00	
6.750000e+01	0.000000e+00	0.000000e+00	0.000000e+00	0.000000e+00	
6.760000e+01	2.104809e+00	0.000000e+00	0.000000e+00	2.104809e+00	
6.770000e+01	0.000000e+00	0.000000e+00	0.000000e+00	0.000000e+00	
6.780000e+01	1.255760e+00	0.000000e+00	0.000000e+00	1.255760e+00	
6.790000e+01	4.174069e-01	0.000000e+00	0.000000e+00	4.174069e-01	
6.800000e+01	0.000000e+00	0.000000e+00	0.000000e+00	0.000000e+00	
6.810000e+01	1.245186e+00	0.000000e+00	0.000000e+00	1.245186e+00	
6.820000e+01	4.138968e-01	0.000000e+00	0.000000e+00	4.138968e-01	
6.830000e+01	1.650946e+00	0.000000e+00	0.000000e+00	1.650946e+00	
6.840000e+01	4.115813e+00	0.000000e+00	0.000000e+00	4.115813e+00	
6.850000e+01	1.641723e+00	0.000000e+00	0.000000e+00	1.641723e+00	
6.860000e+01	4.092852e-01	0.000000e+00	0.000000e+00	4.092852e-01	
6.870000e+01	8.162886e-01	0.000000e+00	0.000000e+00	8.162886e-01	
6.880000e+01	8.140165e-01	0.000000e+00	0.000000e+00	8.140165e-01	
6.890000e+01	8.117537e-01	0.000000e+00	0.000000e+00	8.117537e-01	
6.900000e+01	1.619001e+00	0.000000e+00	0.000000e+00	1.619001e+00	
6.910000e+01	1.210885e+00	0.000000e+00	0.000000e+00	1.210885e+00	
6.920000e+01	8.050219e-01	0.000000e+00	0.000000e+00	8.050219e-01	
6.930000e+01	1.204195e+00	0.000000e+00	0.000000e+00	1.204195e+00	
6.940000e+01	2.001451e+00	0.000000e+00	0.000000e+00	2.001451e+00	
6.950000e+01	1.197560e+00	0.000000e+00	0.000000e+00	1.197560e+00	
6.960000e+01	1.194263e+00	0.000000e+00	0.000000e+00	1.194263e+00	
6.970000e+01	1.984967e+00	0.000000e+00	0.000000e+00	1.984967e+00	
6.980000e+01	3.959035e-01	0.000000e+00	0.000000e+00	3.959035e-01	
6.990000e+01	7.896362e-01	0.000000e+00	0.000000e+00	7.896362e-01	
7.000000e+01	7.874743e-01	0.000000e+00	0.000000e+00	7.874743e-01	
7.010000e+01	1.963303e+00	0.000000e+00	0.000000e+00	1.963303e+00	
7.020000e+01	0.000000e+00	0.000000e+00	0.000000e+00	0.000000e+00	
7.030000e+01	1.562083e+00	0.000000e+00	0.000000e+00	1.562083e+00	
7.040000e+01	3.894574e-01	0.000000e+00	0.000000e+00	3.894574e-01	
7.050000e+01	1.553594e+00	0.000000e+00	0.000000e+00	1.553594e+00	
7.060000e+01	1.162031e+00	0.000000e+00	0.000000e+00	1.162031e+00	
7.070000e+01	1.545173e+00	0.000000e+00	0.000000e+00	1.545173e+00	
7.080000e+01	3.852471e-01	0.000000e+00	0.000000e+00	3.852471e-01	
7.090000e+01	3.842052e-01	0.000000e+00	0.000000e+00	3.842052e-01	
7.100000e+01	7.663350e-01	0.000000e+00	0.000000e+00	7.663350e-01	
7.110000e+01	7.642680e-01	0.000000e+00	0.000000e+00	7.642680e-01	
7.120000e+01	0.000000e+00	0.000000e+00	0.000000e+00	0.000000e+00	
7.130000e+01	1.900398e+00	0.000000e+00	0.000000e+00	1.900398e+00	
7.140000e+01	7.581170e-01	0.000000e+00	0.000000e+00	7.581170e-01	
7.150000e+01	1.134125e+00	0.000000e+00	0.000000e+00	1.134125e+00	
7.160000e+01	1.508115e+00	0.000000e+00	0.000000e+00	1.508115e+00	
7.170000e+01	1.128060e+00	0.000000e+00	0.000000e+00	1.128060e+00	
7.180000e+01	7.500304e-01	0.000000e+00	0.000000e+00	7.500304e-01	
7.190000e+01	7.480291e-01	0.000000e+00	0.000000e+00	7.480291e-01	
7.200000e+01	1.119053e+00	0.000000e+00	0.000000e+00	1.119053e+00	
7.210000e+01	7.440502e-01	0.000000e+00	0.000000e+00	7.440502e-01	
7.220000e+01	1.855181e+00	0.000000e+00	0.000000e+00	1.855181e+00	
7.230000e+01	0.000000e+00	0.000000e+00	0.000000e+00	0.000000e+00	
7.240000e+01	2.214423e+00	0.000000e+00	0.000000e+00	2.214423e+00	
7.250000e+01	1.104281e+00	0.000000e+00	0.000000e+00	1.104281e+00	
7.260000e+01	1.835602e+00	0.000000e+00	0.000000e+00	1.835602e+00	
7.270000e+01	1.830755e+00	0.000000e+00	0.000000e+00	1.830755e+00	
7.280000e+01	1.825928e+00	0.000000e+00	0.000000e+00	1.825928e+00	
7.290000e+01	1.456896e+00	0.000000e+00	0.000000e+00	1.456896e+00	
7.300000e+01	7.265323e-01	0.000000e+00	0.000000e+00	7.265323e-01	
7.310000e+01	0.000000e+00	0.000000e+00	0.000000e+00	0.000000e+00	
7.320000e+01	1.445447e+00	0.000000e+00	0.000000e+00	1.445447e+00	
7.330000e+01	1.441661e+00	0.000000e+00	0.000000e+00	1.441661e+00	
7.340000e+01	0.000000e+00	0.000000e+00	0.000000e+00	0.000000e+00	
7.350000e+01	1.792665e+00	0.000000e+00	0.000000e+00	1.792665e+00	
7.360000e+01	1.072793e+00	0.000000e+00	0.000000e+00	1.072793e+00	
7.370000e+01	1.426663e+00	0.000000e+00	0.000000e+00	1.426663e+00	
7.380000e+01	1.067212e+00	0.000000e+00	0.000000e+00	1.067212e+00	
7.390000e+01	1.419252e+00	0.000000e+00	0.000000e+00	1.419252e+00	
7.400000e+01	7.077838e-01	0.000000e+00	0.000000e+00	7.077838e-01	
7.410000e+01	7.059491e-01	0.000000e+00	0.000000e+00	7.059491e-01	
7.420000e+01	1.408242e+00	0.000000e+00	0.000000e+00	1.408242e+00	
7.430000e+01	1.404601e+00	0.000000e+00	0.000000e+00	1.404601e+00	
7.440000e+01	3.502436e-01	0.000000e+00	0.000000e+00	3.502436e-01	
7.450000e+01	3.493403e-01	0.000000e+00	0.000000e+00	3.493403e-01	
7.460000e+01	3.484406e-01	0.000000e+00	0.000000e+00	3.484406e-01	
7.470000e+01	1.390177e+00	0.000000e+00	0.000000e+00	1.390177e+00	
7.480000e+01	2.079908e+00	0.000000e+00	0.000000e+00	2.079908e+00	
7.490000e+01	1.037286e+00	0.000000e+00	0.000000e+00	1.037286e+00	
7.500000e+01	2.069256e+00	0.000000e+00	0.000000e+00	2.069256e+00	
7.510000e+01	1.719967e+00	0.000000e+00	0.000000e+00	1.719967e+00	
7.520000e+01	1.372456e+00	0.000000e+00	0.000000e+00	1.372456e+00	
7.530000e+01	6.844765e-01	0.000000e+00	0.000000e+00	6.844765e-01	
7.540000e+01	1.365463e+00	0.000000e+00	0.000000e+00	1.365463e+00	
7.550000e+01	1.702483e+00	0.000000e+00	0.000000e+00	1.702483e+00	
7.560000e+01	6.792616e-01	0.000000e+00	0.000000e+00	6.792616e-01	
7.570000e+01	3.387682e-01	0.000000e+00	0.000000e+00	3.387682e-01	
7.580000e+01	6.758178e-01	0.000000e+00	0.000000e+00	6.758178e-01	
7.590000e+01	1.348212e+00	0.000000e+00	0.000000e+00	1.348212e+00	
7.600000e+01	2.353401e+00	0.000000e+00	0.000000e+00	2.353401e+00	
7.610000e+01	6.707013e-01	0.000000e+00	0.000000e+00	6.707013e-01	
7.620000e+01	1.003513e+00	0.000000e+00	0.000000e+00	1.003513e+00	
7.630000e+01	1.334645e+00	0.000000e+00	0.000000e+00	1.334645e+00	
7.640000e+01	6.656426e-01	0.000000e+00	0.000000e+00	6.656426e-01	
7.650000e+01	1.327938e+00	0.000000e+00	0.000000e+00	1.327938e+00	
7.660000e+01	1.655755e+00	0.000000e+00	0.000000e+00	1.655755e+00	
7.670000e+01	9.909613e-01	0.000000e+00	0.000000e+00	9.909613e-01	
7.680000e+01	1.317972e+00	0.000000e+00	0.000000e+00	1.317972e+00	
7.690000e+01	0.000000e+00	0.000000e+00	0.000000e+00	0.000000e+00	
7.700000e+01	6.556954e-01	0.000000e+00	0.000000e+00	6.556954e-01	
7.710000e+01	3.270296e-01	0.000000e+00	0.000000e+00	3.270296e-01	
7.720000e+01	9.786436e-01	0.000000e+00	0.000000e+00	9.786436e-01	
7.730000e+01	1.301610e+00	0.000000e+00	0.000000e+00	1.301610e+00	
7.740000e+01	9.737809e-01	0.000000e+00	0.000000e+00	9.737809e-01	
7.750000e+01	9.713631e-01	0.000000e+00	0.000000e+00	9.713631e-01	
7.760000e+01	3.229848e-01	0.000000e+00	0.000000e+00	3.229848e-01	
7.770000e+01	9.665543e-01	0.000000e+00	0.000000e+00	9.665543e-01	
7.780000e+01	0.000000e+00	0.000000e+00	0.000000e+00	0.000000e+00	
7.790000e+01	1.602969e+00	0.000000e+00	0.000000e+00	1.602969e+00	
7.800000e+01	1.599013e+00	0.000000e+00	0.000000e+00	1.599013e+00	
7.810000e+01	9.570435e-01	0.000000e+00	0.000000e+00	9.570435e-01	
7.820000e+01	9.546875e-01	0.000000e+00	0.000000e+00	9.546875e-01	
7.830000e+01	9.523405e-01	0.000000e+00	0.000000e+00	9.523405e-01	
7.840000e+01	9.500020e-01	0.000000e+00	0.000000e+00	9.500020e-01	
7.850000e+01	1.895344e+00	0.000000e+00	0.000000e+00	1.895344e+00	
7.860000e+01	6.302339e-01	0.000000e+00	0.000000e+00	6.302339e-01	
7.870000e+01	1.886076e+00	0.000000e+00	0.000000e+00	1.886076e+00	
7.880000e+01	9.407337e-01	0.000000e+00	0.000000e+00	9.407337e-01	
7.890000e+01	1.251251e+00	0.000000e+00	0.000000e+00	1.251251e+00	
7.900000e+01	1.248201e+00	0.000000e+00	0.000000e+00	1.248201e+00	
7.910000e+01	3.112904e-01	0.000000e+00	0.000000e+00	3.112904e-01	
7.920000e+01	9.316005e-01	0.000000e+00	0.000000e+00	9.316005e-01	
7.930000e+01	9.293379e-01	0.000000e+00	0.000000e+00	9.293379e-01	
7.940000e+01	1.236112e+00	0.000000e+00	0.000000e+00	1.236112e+00	
7.950000e+01	1.541396e+00	0.000000e+00	0.000000e+00	1.541396e+00	
7.960000e+01	6.150664e-01	0.000000e+00	0.000000e+00	6.150664e-01	
7.970000e+01	6.135798e-01	0.000000e+00	0.000000e+00	6.135798e-01	
7.980000e+01	6.120986e-01	0.000000e+00	0.000000e+00	6.120986e-01	
7.990000e+01	9.159342e-01	0.000000e+00	0.000000e+00	9.159342e-01	
8.000000e+01	6.091524e-01	0.000000e+00	0.000000e+00	6.091524e-01	
8.010000e+01	1.215374e+00	0.000000e+00	0.000000e+00	1.215374e+00	
8.020000e+01	3.031136e-01	0.000000e+00	0.000000e+00	3.031136e-01	
8.030000e+01	2.116704e+00	0.000000e+00	0.000000e+00	2.116704e+00	
8.040000e+01	2.413292e+00	0.000000e+00	0.000000e+00	2.413292e+00	
8.050000e+01	9.028184e-01	0.000000e+00	0.000000e+00	9.028184e-01	
8.060000e+01	1.501100e+00	0.000000e+00	0.000000e+00	1.501100e+00	
8.070000e+01	8.985089e-01	0.000000e+00	0.000000e+00	8.985089e-01	
8.080000e+01	1.195154e+00	0.000000e+00	0.000000e+00	1.195154e+00	
8.090000e+01	8.942304e-01	0.000000e+00	0.000000e+00	8.942304e-01	
8.100000e+01	5.947350e-01	0.000000e+00	0.000000e+00	5.947350e-01	
8.110000e+01	1.186643e+00	0.000000e+00	0.000000e+00	1.186643e+00	
8.120000e+01	2.367652e+00	0.000000e+00	0.000000e+00	2.367652e+00	
8.130000e+01	5.905095e-01	0.000000e+00	0.000000e+00	5.905095e-01	
8.140000e+01	8.836666e-01	0.000000e+00	0.000000e+00	8.836666e-01	
8.150000e+01	2.938588e-01	0.000000e+00	0.000000e+00	2.938588e-01	
8.160000e+01	1.172658e+00	0.000000e+00	0.000000e+00	1.172658e+00	
8.170000e+01	8.774179e-01	0.000000e+00	0.000000e+00	8.774179e-01	
8.180000e+01	8.753498e-01	0.000000e+00	0.000000e+00	8.753498e-01	
8.190000e+01	2.910963e-01	0.000000e+00	0.000000e+00	2.910963e-01	
8.200000e+01	1.452059e+00	0.000000e+00	0.000000e+00	1.452059e+00	
8.210000e+01	1.448648e+00	0.000000e+00	0.000000e+00	1.448648e+00	
8.220000e+01	2.023350e+00	0.000000e+00	0.000000e+00	2.023350e+00	
8.230000e+01	1.730236e+00	0.000000e+00	0.000000e+00	1.730236e+00	
8.240000e+01	1.150791e+00	0.000000e+00	0.000000e+00	1.150791e+00	
8.250000e+01	1.148100e+00	0.000000e+00	0.000000e+00	1.148100e+00	
8.260000e+01	1.718129e+00	0.000000e+00	0.000000e+00	1.718129e+00	
8.270000e+01	2.856870e-01	0.000000e+00	0.000000e+00	2.856870e-01	
8.280000e+01	1.140086e+00	0.000000e+00	0.000000e+00	1.140086e+00	
8.290000e+01	1.137433e+00	0.000000e+00	0.000000e+00	1.137433e+00	
8.300000e+01	2.836973e-01	0.000000e+00	0.000000e+00	2.836973e-01	
8.310000e+01	5.660774e-01	0.000000e+00	0.000000e+00	5.660774e-01	
8.320000e+01	1.411912e+00	0.000000e+00	0.000000e+00	1.411912e+00	
8.330000e+01	2.253827e+00	0.000000e+00	0.000000e+00	2.253827e+00	
8.340000e+01	5.621531e-01	0.000000e+00	0.000000e+00	5.621531e-01	
8.350000e+01	5.608541e-01	0.000000e+00	0.000000e+00	5.608541e-01	
8.360000e+01	2.238238e+00	0.000000e+00	0.000000e+00	2.238238e+00	
8.370000e+01	1.116539e+00	0.000000e+00	0.000000e+00	1.116539e+00	
8.380000e+01	1.392460e+00	0.000000e+00	0.000000e+00	1.392460e+00	
8.390000e+01	1.111405e+00	0.000000e+00	0.000000e+00	1.111405e+00	
8.400000e+01	1.386065e+00	0.000000e+00	0.000000e+00	1.386065e+00	
8.410000e+01	1.382884e+00	0.000000e+00	0.000000e+00	1.382884e+00	
8.420000e+01	8.278284e-01	0.000000e+00	0.000000e+00	8.278284e-01	
8.430000e+01	5.506220e-01	0.000000e+00	0.000000e+00	5.506220e-01	
8.440000e+01	1.373407e+00	0.000000e+00	0.000000e+00	1.373407e+00	
8.450000e+01	1.370270e+00	0.000000e+00	0.000000e+00	1.370270e+00	
8.460000e+01	1.367143e+00	0.000000e+00	0.000000e+00	1.367143e+00	
8.470000e+01	1.091221e+00	0.000000e+00	0.000000e+00	1.091221e+00	
8.480000e+01	8.165528e-01	0.000000e+00	0.000000e+00	8.165528e-01	
8.490000e+01	8.146960e-01	0.000000e+00	0.000000e+00	8.146960e-01	
8.500000e+01	8.128455e-01	0.000000e+00	0.000000e+00	8.128455e-01	
8.510000e+01	1.351669e+00	0.000000e+00	0.000000e+00	1.351669e+00	
8.520000e+01	1.078884e+00	0.000000e+00	0.000000e+00	1.078884e+00	
8.530000e+01	1.076442e+00	0.000000e+00	0.000000e+00	1.076442e+00	
8.540000e+01	1.342510e+00	0.000000e+00	0.000000e+00	1.342510e+00	
8.550000e+01	0.000000e+00	0.000000e+00	0.000000e+00	0.000000e+00	
8.560000e+01	1.069165e+00	0.000000e+00	0.000000e+00	1.069165e+00	
8.570000e+01	5.333776e-01	0.000000e+00	0.000000e+00	5.333776e-01	
8.580000e+01	1.330443e+00	0.000000e+00	0.000000e+00	1.330443e+00	
8.590000e+01	1.327451e+00	0.000000e+00	0.000000e+00	1.327451e+00	
8.600000e+01	1.324470e+00	0.000000e+00	0.000000e+00	1.324470e+00	
8.610000e+01	7.928992e-01	0.000000e+00	0.000000e+00	7.928992e-01	
8.620000e+01	7.911223e-01	0.000000e+00	0.000000e+00	7.911223e-01	
8.630000e+01	7.893515e-01	0.000000e+00	0.000000e+00	7.893515e-01	
8.640000e+01	2.625289e-01	0.000000e+00	0.000000e+00	2.625289e-01	
8.650000e+01	2.619426e-01	0.000000e+00	0.000000e+00	2.619426e-01	
8.660000e+01	2.613582e-01	0.000000e+00	0.000000e+00	2.613582e-01	
8.670000e+01	1.303879e+00	0.000000e+00	0.000000e+00	1.303879e+00	
8.680000e+01	5.203906e-01	0.000000e+00	0.000000e+00	5.203906e-01	
8.690000e+01	2.596168e-01	0.000000e+00	0.000000e+00	2.596168e-01	
8.700000e+01	2.590402e-01	0.000000e+00	0.000000e+00	2.590402e-01	
8.710000e+01	7.753965e-01	0.000000e+00	0.000000e+00	7.753965e-01	
8.720000e+01	1.031571e+00	0.000000e+00	0.000000e+00	1.031571e+00	
8.730000e+01	1.543931e+00	0.000000e+00	0.000000e+00	1.543931e+00	
8.740000e+01	7.702585e-01	0.000000e+00	0.000000e+00	7.702585e-01	
8.750000e+01	7.685572e-01	0.000000e+00	0.000000e+00	7.685572e-01	
8.760000e+01	1.278103e+00	0.000000e+00	0.000000e+00	1.278103e+00	
8.770000e+01	1.275286e+00	0.000000e+00	0.000000e+00	1.275286e+00	
8.780000e+01	1.017983e+00	0.000000e+00	0.000000e+00	1.017983e+00	
8.790000e+01	2.285424e+00	0.000000e+00	0.000000e+00	2.285424e+00	
8.800000e+01	1.266891e+00	0.000000e+00	0.000000e+00	1.266891e+00	
8.810000e+01	7.584668e-01	0.000000e+00	0.000000e+00	7.584668e-01	
8.820000e+01	1.513609e+00	0.000000e+00	0.000000e+00	1.513609e+00	
8.830000e+01	1.006863e+00	0.000000e+00	0.000000e+00	1.006863e+00	
8.840000e+01	5.023307e-01	0.000000e+00	0.000000e+00	5.023307e-01	
8.850000e+01	1.253083e+00	0.000000e+00	0.000000e+00	1.253083e+00	
8.860000e+01	7.502093e-01	0.000000e+00	0.000000e+00	7.502093e-01	
8.870000e+01	0.000000e+00	0.000000e+00	0.000000e+00	0.000000e+00	
8.880000e+01	7.469439e-01	0.000000e+00	0.000000e+00	7.469439e-01	
8.890000e+01	4.968795e-01	0.000000e+00	0.000000e+00	4.968795e-01	
8.900000e+01	4.957999e-01	0.000000e+00	0.000000e+00	4.957999e-01	
8.910000e+01	7.420858e-01	0.000000e+00	0.000000e+00	7.420858e-01	
8.920000e+01	1.234128e+00	0.000000e+00	0.000000e+00	1.234128e+00	
8.930000e+01	7.388732e-01	0.000000e+00	0.000000e+00	7.388732e-01	
8.940000e+01	7.372748e-01	0.000000e+00	0.000000e+00	7.372748e-01	
8.950000e+01	1.471363e+00	0.000000e+00	0.000000e+00	1.471363e+00	
8.960000e+01	9.787914e-01	0.000000e+00	0.000000e+00	9.787914e-01	
8.970000e+01	1.709191e+00	0.000000e+00	0.000000e+00	1.709191e+00	
8.980000e+01	1.218221e+00	0.000000e+00	0.000000e+00	1.218221e+00	
8.990000e+01	4.862400e-01	0.000000e+00	0.000000e+00	4.862400e-01	
9.000000e+01	1.455585e+00	0.000000e+00	0.000000e+00	1.455585e+00	
9.010000e+01	7.262297e-01	0.000000e+00	0.000000e+00	7.262297e-01	
9.020000e+01	7.246720e-01	0.000000e+00	0.000000e+00	7.246720e-01	
9.030000e+01	9.641593e-01	0.000000e+00	0.000000e+00	9.641593e-01	
9.040000e+01	1.202620e+00	0.000000e+00	0.000000e+00	1.202620e+00	
9.050000e+01	4.800195e-01	0.000000e+00	0.000000e+00	4.800195e-01	
9.060000e+01	1.197486e+00	0.000000e+00	0.000000e+00	1.197486e+00	
9.070000e+01	1.194931e+00	0.000000e+00	0.000000e+00	1.194931e+00	
9.080000e+01	9.539078e-01	0.000000e+00	0.000000e+00	9.539078e-01	
9.090000e+01	9.518771e-01	0.000000e+00	0.000000e+00	9.518771e-01	
9.100000e+01	1.187316e+00	0.000000e+00	0.000000e+00	1.187316e+00	
9.110000e+01	9.478353e-01	0.000000e+00	0.000000e+00	9.478353e-01	
9.120000e+01	7.093679e-01	0.000000e+00	0.000000e+00	7.093679e-01	
9.130000e+01	1.415728e+00	0.000000e+00	0.000000e+00	1.415728e+00	
9.140000e+01	1.883641e+00	0.000000e+00	0.000000e+00	1.883641e+00	
9.150000e+01	1.174785e+00	0.000000e+00	0.000000e+00	1.174785e+00	
9.160000e+01	1.172303e+00	0.000000e+00	0.000000e+00	1.172303e+00	
9.170000e+01	4.679313e-01	0.000000e+00	0.000000e+00	4.679313e-01	
9.180000e+01	9.338893e-01	0.000000e+00	0.000000e+00	9.338893e-01	
9.190000e+01	1.164903e+00	0.000000e+00	0.000000e+00	1.164903e+00	
9.200000e+01	9.299613e-01	0.000000e+00	0.000000e+00	9.299613e-01	
9.210000e+01	6.960050e-01	0.000000e+00	0.000000e+00	6.960050e-01	
9.220000e+01	9.260579e-01	0.000000e+00	0.000000e+00	9.260579e-01	
9.230000e+01	9.241155e-01	0.000000e+00	0.000000e+00	9.241155e-01	
9.240000e+01	6.916344e-01	0.000000e+00	0.000000e+00	6.916344e-01	
9.250000e+01	6.901867e-01	0.000000e+00	0.000000e+00	6.901867e-01	
9.260000e+01	4.591624e-01	0.000000e+00	0.000000e+00	4.591624e-01	
9.270000e+01	1.145508e+00	0.000000e+00	0.000000e+00	1.145508e+00	
9.280000e+01	9.144944e-01	0.000000e+00	0.000000e+00	9.144944e-01	
9.290000e+01	6.844412e-01	0.000000e+00	0.000000e+00	6.844412e-01	
9.300000e+01	1.138360e+00	0.000000e+00	0.000000e+00	1.138360e+00	
9.310000e+01	1.135992e+00	0.000000e+00	0.000000e+00	1.135992e+00	
9.320000e+01	1.133631e+00	0.000000e+00	0.000000e+00	1.133631e+00	
9.330000e+01	2.262557e-01	0.000000e+00	0.000000e+00	2.262557e-01	
9.340000e+01	6.773596e-01	0.000000e+00	0.000000e+00	6.773596e-01	
9.350000e+01	6.759565e-01	0.000000e+00	0.000000e+00	6.759565e-01	
9.360000e+01	1.124263e+00	0.000000e+00	0.000000e+00	1.124263e+00	
9.370000e+01	1.121939e+00	0.000000e+00	0.000000e+00	1.121939e+00	
9.380000e+01	1.343546e+00	0.000000e+00	0.000000e+00	1.343546e+00	
9.390000e+01	2.011162e+00	0.000000e+00	0.000000e+00	2.011162e+00	
9.400000e+01	8.920077e-01	0.000000e+00	0.000000e+00	8.920077e-01	
9.410000e+01	8.901714e-01	0.000000e+00	0.000000e+00	8.901714e-01	
9.420000e+01	8.883407e-01	0.000000e+00	0.000000e+00	8.883407e-01	
9.430000e+01	1.108145e+00	0.000000e+00	0.000000e+00	1.108145e+00	
9.440000e+01	2.211740e+00	0.000000e+00	0.000000e+00	2.211740e+00	
9.450000e+01	1.545044e+00	0.000000e+00	0.000000e+00	1.545044e+00	
9.460000e+01	1.101343e+00	0.000000e+00	0.000000e+00	1.101343e+00	
9.470000e+01	1.978361e+00	0.000000e+00	0.000000e+00	1.978361e+00	
9.480000e+01	0.000000e+00	0.000000e+00	0.000000e+00	0.000000e+00	
9.490000e+01	6.567619e-01	0.000000e+00	0.000000e+00	6.567619e-01	
9.500000e+01	1.092371e+00	0.000000e+00	0.000000e+00	1.092371e+00	
9.510000e+01	8.721157e-01	0.000000e+00	0.000000e+00	8.721157e-01	
9.520000e+01	4.351701e-01	0.000000e+00	0.000000e+00	4.351701e-01	
9.530000e+01	1.519998e+00	0.000000e+00	0.000000e+00	1.519998e+00	
9.540000e+01	4.334030e-01	0.000000e+00	0.000000e+00	4.334030e-01	
9.550000e+01	1.513832e+00	0.000000e+00	0.000000e+00	1.513832e+00	
9.560000e+01	1.079116e+00	0.000000e+00	0.000000e+00	1.079116e+00	
9.570000e+01	2.153862e-01	0.000000e+00	0.000000e+00	2.153862e-01	
9.580000e+01	4.299007e-01	0.000000e+00	0.000000e+00	4.299007e-01	
9.590000e+01	1.287095e+00	0.000000e+00	0.000000e+00	1.287095e+00	
9.600000e+01	1.284497e+00	0.000000e+00	0.000000e+00	1.284497e+00	
9.610000e+01	1.281906e+00	0.000000e+00	0.000000e+00	1.281906e+00	
9.620000e+01	8.528816e-01	0.000000e+00	0.000000e+00	8.528816e-01	
9.630000e+01	1.063956e+00	0.000000e+00	0.000000e+00	1.063956e+00	
9.640000e+01	6.370897e-01	0.000000e+00	0.000000e+00	6.370897e-01	
9.650000e+01	2.119366e-01	0.000000e+00	0.000000e+00	2.119366e-01	
9.660000e+01	8.460449e-01	0.000000e+00	0.000000e+00	8.460449e-01	
9.670000e+01	1.055436e+00	0.000000e+00	0.000000e+00	1.055436e+00	
9.680000e+01	1.474650e+00	0.000000e+00	0.000000e+00	1.474650e+00	
9.690000e+01	8.409712e-01	0.000000e+00	0.000000e+00	8.409712e-01	
9.700000e+01	1.049113e+00	0.000000e+00	0.000000e+00	1.049113e+00	
9.710000e+01	2.094035e-01	0.000000e+00	0.000000e+00	2.094035e-01	
9.720000e+01	1.044929e+00	0.000000e+00	0.000000e+00	1.044929e+00	
9.730000e+01	8.342769e-01	0.000000e+00	0.000000e+00	8.342769e-01	
9.740000e+01	6.244619e-01	0.000000e+00	0.000000e+00	6.244619e-01	
9.750000e+01	8.309597e-01	0.000000e+00	0.000000e+00	8.309597e-01	
9.760000e+01	8.293086e-01	0.000000e+00	0.000000e+00	8.293086e-01	
9.770000e+01	4.138311e-01	0.000000e+00	0.000000e+00	4.138311e-01	
9.780000e+01	1.652042e+00	0.000000e+00	0.000000e+00	1.652042e+00	
9.790000e+01	2.060961e+00	0.000000e+00	0.000000e+00	2.060961e+00	
9.800000e+01	8.227528e-01	0.000000e+00	0.000000e+00	8.227528e-01	
9.810000e+01	1.436970e+00	0.000000e+00	0.000000e+00	1.436970e+00	
9.820000e+01	6.146280e-01	0.000000e+00	0.000000e+00	6.146280e-01	
9.830000e+01	1.022358e+00	0.000000e+00	0.000000e+00	1.022358e+00	
9.840000e+01	1.020343e+00	0.000000e+00	0.000000e+00	1.020343e+00	
9.850000e+01	1.629334e+00	0.000000e+00	0.000000e+00	1.629334e+00	
9.860000e+01	4.065320e-01	0.000000e+00	0.000000e+00	4.065320e-01	
9.870000e+01	8.114656e-01	0.000000e+00	0.000000e+00	8.114656e-01	
9.880000e+01	1.417277e+00	0.000000e+00	0.000000e+00	1.417277e+00	
9.890000e+01	1.212425e+00	0.000000e+00	0.000000e+00	1.212425e+00	
9.900000e+01	8.066995e-01	0.000000e+00	0.000000e+00	8.066995e-01	
9.910000e+01	6.038400e-01	0.000000e+00	0.000000e+00	6.038400e-01	
9.920000e+01	4.017726e-01	0.000000e+00	0.000000e+00	4.017726e-01	
9.930000e+01	6.014812e-01	0.000000e+00	0.000000e+00	6.014812e-01	
9.940000e+01	1.200614e+00	0.000000e+00	0.000000e+00	1.200614e+00	
9.950000e+01	7.988484e-01	0.000000e+00	0.000000e+00	7.988484e-01	
9.960000e+01	1.195938e+00	0.000000e+00	0.000000e+00	1.195938e+00	
9.970000e+01	5.968050e-01	0.000000e+00	0.000000e+00	5.968050e-01	
9.980000e+01	1.191289e+00	0.000000e+00	0.000000e+00	1.191289e+00	
9.990000e+01	7.926498e-01	0.000000e+00	0.000000e+00	7.926498e-01	
1.000000e+02	7.911114e-01	0.000000e+00	0.000000e+00	7.911114e-01	
1.001000e+02	1.381761e+00	0.000000e+00	0.000000e+00	1.381761e+00	
1.002000e+02	5.910360e-01	0.000000e+00	0.000000e+00	5.910360e-01	
1.003000e+02	5.898923e-01	0.000000e+00	0.000000e+00	5.898923e-01	
1.004000e+02	1.177504e+00	0.000000e+00	0.000000e+00	1.177504e+00	
1.005000e+02	1.566972e+00	0.000000e+00	0.000000e+00	1.566972e+00	
1.006000e+02	5.864809e-01	0.000000e+00	0.000000e+00	5.864809e-01	
1.007000e+02	9.755837e-01	0.000000e+00	0.000000e+00	9.755837e-01	
1.008000e+02	9.737050e-01	0.000000e+00	0.000000e+00	9.737050e-01	
1.009000e+02	7.774652e-01	0.000000e+00	0.000000e+00	7.774652e-01	
1.010000e+02	7.759709e-01	0.000000e+00	0.000000e+00	7.759709e-01	
1.011000e+02	1.161721e+00	0.000000e+00	0.000000e+00	1.161721e+00	
1.012000e+02	1.545990e+00	0.000000e+00	0.000000e+00	1.545990e+00	
1.013000e+02	5.786350e-01	0.000000e+00	0.000000e+00	5.786350e-01	
1.014000e+02	3.850181e-01	0.000000e+00	0.000000e+00	3.850181e-01	
1.015000e+02	2.113549e+00	0.000000e+00	0.000000e+00	2.113549e+00	
1.016000e+02	1.342415e+00	0.000000e+00	0.000000e+00	1.342415e+00	
1.017000e+02	1.914074e-01	0.000000e+00	0.000000e+00	1.914074e-01	
1.018000e+02	7.641692e-01	0.000000e+00	0.000000e+00	7.641692e-01	
1.019000e+02	9.533912e-01	0.000000e+00	0.000000e+00	9.533912e-01	
1.020000e+02	5.709456e-01	0.000000e+00	0.000000e+00	5.709456e-01	
1.021000e+02	1.139719e+00	0.000000e+00	0.000000e+00	1.139719e+00	
1.022000e+02	9.479612e-01	0.000000e+00	0.000000e+00	9.479612e-01	
1.023000e+02	1.135394e+00	0.000000e+00	0.000000e+00	1.135394e+00	
1.024000e+02	3.777469e-01	0.000000e+00	0.000000e+00	3.777469e-01	
1.025000e+02	1.131093e+00	0.000000e+00	0.000000e+00	1.131093e+00	
1.026000e+02	7.526348e-01	0.000000e+00	0.000000e+00	7.526348e-01	
1.027000e+02	1.314620e+00	0.000000e+00	0.000000e+00	1.314620e+00	
1.028000e+02	1.687032e+00	0.000000e+00	0.000000e+00	1.687032e+00	
1.029000e+02	9.354707e-01	0.000000e+00	0.000000e+00	9.354707e-01	
1.030000e+02	3.734826e-01	0.000000e+00	0.000000e+00	3.734826e-01	
1.031000e+02	9.319474e-01	0.000000e+00	0.000000e+00	9.319474e-01	
1.032000e+02	5.581158e-01	0.000000e+00	0.000000e+00	5.581158e-01	
1.033000e+02	7.427549e-01	0.000000e+00	0.000000e+00	7.427549e-01	
1.034000e+02	5.560196e-01	0.000000e+00	0.000000e+00	5.560196e-01	
1.035000e+02	7.399679e-01	0.000000e+00	0.000000e+00	7.399679e-01	
1.036000e+02	1.846451e-01	0.000000e+00	0.000000e+00	1.846451e-01	
1.037000e+02	1.290094e+00	0.000000e+00	0.000000e+00	1.290094e+00	
1.038000e+02	7.358166e-01	0.000000e+00	0.000000e+00	7.358166e-01	
1.039000e+02	7.344406e-01	0.000000e+00	0.000000e+00	7.344406e-01	
1.040000e+02	1.466137e+00	0.000000e+00	0.000000e+00	1.466137e+00	
1.041000e+02	7.317002e-01	0.000000e+00	0.000000e+00	7.317002e-01	
1.042000e+02	1.095503e+00	0.000000e+00	0.000000e+00	1.095503e+00	
1.043000e+02	5.467312e-01	0.000000e+00	0.000000e+00	5.467312e-01	
1.044000e+02	1.637141e+00	0.000000e+00	0.000000e+00	1.637141e+00	
1.045000e+02	1.089398e+00	0.000000e+00	0.000000e+00	1.089398e+00	
1.046000e+02	5.436869e-01	0.000000e+00	0.000000e+00	5.436869e-01	
1.047000e+02	2.170711e+00	0.000000e+00	0.000000e+00	2.170711e+00	
1.048000e+02	3.611142e-01	0.000000e+00	0.000000e+00	3.611142e-01	
1.049000e+02	5.406677e-01	0.000000e+00	0.000000e+00	5.406677e-01	
1.050000e+02	1.259223e+00	0.000000e+00	0.000000e+00	1.259223e+00	
1.051000e+02	1.256894e+00	0.000000e+00	0.000000e+00	1.256894e+00	
1.052000e+02	5.376737e-01	0.000000e+00	0.000000e+00	5.376737e-01	
1.053000e+02	7.155750e-01	0.000000e+00	0.000000e+00	7.155750e-01	
1.054000e+02	8.928192e-01	0.000000e+00	0.000000e+00	8.928192e-01	
1.055000e+02	1.247644e+00	0.000000e+00	0.000000e+00	1.247644e+00	
1.056000e+02	3.558135e-01	0.000000e+00	0.000000e+00	3.558135e-01	
1.057000e+02	1.065477e+00	0.000000e+00	0.000000e+00	1.065477e+00	
1.058000e+02	1.240773e+00	0.000000e+00	0.000000e+00	1.240773e+00	
1.059000e+02	1.061567e+00	0.000000e+00	0.000000e+00	1.061567e+00	
1.060000e+02	7.064137e-01	0.000000e+00	0.000000e+00	7.064137e-01	
1.061000e+02	1.233959e+00	0.000000e+00	0.000000e+00	1.233959e+00	
1.062000e+02	1.583614e+00	0.000000e+00	0.000000e+00	1.583614e+00	
1.063000e+02	3.512706e-01	0.000000e+00	0.000000e+00	3.512706e-01	
1.064000e+02	3.506287e-01	0.000000e+00	0.000000e+00	3.506287e-01	
1.065000e+02	1.224960e+00	0.000000e+00	0.000000e+00	1.224960e+00	
1.066000e+02	6.987004e-01	0.000000e+00	0.000000e+00	6.987004e-01	
1.067000e+02	3.487135e-01	0.000000e+00	0.000000e+00	3.487135e-01	
1.068000e+02	5.221180e-01	0.000000e+00	0.000000e+00	5.221180e-01	
1.069000e+02	1.563505e+00	0.000000e+00	0.000000e+00	1.563505e+00	
1.070000e+02	8.670352e-01	0.000000e+00	0.000000e+00	8.670352e-01	
1.071000e+02	5.192766e-01	0.000000e+00	0.000000e+00	5.192766e-01	
1.072000e+02	6.911127e-01	0.000000e+00	0.000000e+00	6.911127e-01	
1.073000e+02	6.898602e-01	0.000000e+00	0.000000e+00	6.898602e-01	
1.074000e+02	6.886110e-01	0.000000e+00	0.000000e+00	6.886110e-01	
1.075000e+02	1.546572e+00	0.000000e+00	0.000000e+00	1.546572e+00	
1.076000e+02	8.576535e-01	0.000000e+00	0.000000e+00	8.576535e-01	
1.077000e+02	1.198546e+00	0.000000e+00	0.000000e+00	1.198546e+00	
1.078000e+02	1.367296e+00	0.000000e+00	0.000000e+00	1.367296e+00	
1.079000e+02	8.530196e-01	0.000000e+00	0.000000e+00	8.530196e-01	
1.080000e+02	1.873263e+00	0.000000e+00	0.000000e+00	1.873263e+00	
1.081000e+02	1.359922e+00	0.000000e+00	0.000000e+00	1.359922e+00	
1.082000e+02	3.393692e-01	0.000000e+00	0.000000e+00	3.393692e-01	
1.083000e+02	1.185659e+00	0.000000e+00	0.000000e+00	1.185659e+00	
1.084000e+02	1.183531e+00	0.000000e+00	0.000000e+00	1.183531e+00	
1.085000e+02	1.518955e+00	0.000000e+00	0.000000e+00	1.518955e+00	
1.086000e+02	3.369409e-01	0.000000e+00	0.000000e+00	3.369409e-01	
1.087000e+02	6.726757e-01	0.000000e+00	0.000000e+00	6.726757e-01	
1.088000e+02	1.175078e+00	0.000000e+00	0.000000e+00	1.175078e+00	
1.089000e+02	5.027050e-01	0.000000e+00	0.000000e+00	5.027050e-01	
1.090000e+02	1.505423e+00	0.000000e+00	0.000000e+00	1.505423e+00	
1.091000e+02	1.502738e+00	0.000000e+00	0.000000e+00	1.502738e+00	
1.092000e+02	5.000203e-01	0.000000e+00	0.000000e+00	5.000203e-01	
1.093000e+02	1.331014e+00	0.000000e+00	0.000000e+00	1.331014e+00	
1.094000e+02	4.982425e-01	0.000000e+00	0.000000e+00	4.982425e-01	
1.095000e+02	1.492071e+00	0.000000e+00	0.000000e+00	1.492071e+00	
1.096000e+02	1.489422e+00	0.000000e+00	0.000000e+00	1.489422e+00	
1.097000e+02	8.259889e-01	0.000000e+00	0.000000e+00	8.259889e-01	
1.098000e+02	6.596201e-01	0.000000e+00	0.000000e+00	6.596201e-01	
1.099000e+02	1.481517e+00	0.000000e+00	0.000000e+00	1.481517e+00	
1.100000e+02	1.643218e+00	0.000000e+00	0.000000e+00	1.643218e+00	
1.101000e+02	8.201569e-01	0.000000e+00	0.000000e+00	8.201569e-01	
1.102000e+02	1.637417e+00	0.000000e+00	0.000000e+00	1.637417e+00	
1.103000e+02	9.807166e-01	0.000000e+00	0.000000e+00	9.807166e-01	
1.104000e+02	9.789877e-01	0.000000e+00	0.000000e+00	9.789877e-01	
1.105000e+02	1.303018e+00	0.000000e+00	0.000000e+00	1.303018e+00	
1.106000e+02	1.300725e+00	0.000000e+00	0.000000e+00	1.300725e+00	
1.107000e+02	4.869142e-01	0.000000e+00	0.000000e+00	4.869142e-01	
1.108000e+02	1.620196e+00	0.000000e+00	0.000000e+00	1.620196e+00	
1.109000e+02	1.132147e+00	0.000000e+00	0.000000e+00	1.132147e+00	
1.110000e+02	1.130161e+00	0.000000e+00	0.000000e+00	1.130161e+00	
1.111000e+02	1.611687e-01	0.000000e+00	0.000000e+00	1.611687e-01	
1.112000e+02	3.217732e-01	0.000000e+00	0.000000e+00	3.217732e-01	
1.113000e+02	8.030260e-01	0.000000e+00	0.000000e+00	8.030260e-01	
1.114000e+02	1.122272e+00	0.000000e+00	0.000000e+00	1.122272e+00	
1.115000e+02	4.801339e-01	0.000000e+00	0.000000e+00	4.801339e-01	
1.116000e+02	9.585927e-01	0.000000e+00	0.000000e+00	9.585927e-01	
1.117000e+02	1.754357e+00	0.000000e+00	0.000000e+00	1.754357e+00	
1.118000e+02	4.776278e-01	0.000000e+00	0.000000e+00	4.776278e-01	
1.119000e+02	4.767968e-01	0.000000e+00	0.000000e+00	4.767968e-01	
1.120000e+02	6.346239e-01	0.000000e+00	0.000000e+00	6.346239e-01	
1.121000e+02	9.502825e-01	0.000000e+00	0.000000e+00	9.502825e-01	
1.122000e+02	6.324222e-01	0.000000e+00	0.000000e+00	6.324222e-01	
1.123000e+02	1.578314e+00	0.000000e+00	0.000000e+00	1.578314e+00	
1.124000e+02	9.453481e-01	0.000000e+00	0.000000e+00	9.453481e-01	
1.125000e+02	9.437119e-01	0.000000e+00	0.000000e+00	9.437119e-01	
1.126000e+02	7.850665e-01	0.000000e+00	0.000000e+00	7.850665e-01	
1.127000e+02	1.880904e+00	0.000000e+00	0.000000e+00	1.880904e+00	
1.128000e+02	1.251771e+00	0.000000e+00	0.000000e+00	1.251771e+00	
1.129000e+02	6.248060e-01	0.000000e+00	0.000000e+00	6.248060e-01	
1.130000e+02	3.118646e-01	0.000000e+00	0.000000e+00	3.118646e-01	
1.131000e+02	1.556638e-01	0.000000e+00	0.000000e+00	1.556638e-01	
1.132000e+02	7.769800e-01	0.000000e+00	0.000000e+00	7.769800e-01	
1.133000e+02	9.307733e-01	0.000000e+00	0.000000e+00	9.307733e-01	
1.134000e+02	7.743123e-01	0.000000e+00	0.000000e+00	7.743123e-01	
1.135000e+02	1.082177e+00	0.000000e+00	0.000000e+00	1.082177e+00	
1.136000e+02	9.259899e-01	0.000000e+00	0.000000e+00	9.259899e-01	
1.137000e+02	7.703363e-01	0.000000e+00	0.000000e+00	7.703363e-01	
1.138000e+02	1.076625e+00	0.000000e+00	0.000000e+00	1.076625e+00	
1.139000e+02	9.212433e-01	0.000000e+00	0.000000e+00	9.212433e-01	
1.140000e+02	1.226226e+00	0.000000e+00	0.000000e+00	1.226226e+00	
1.141000e+02	1.224132e+00	0.000000e+00	0.000000e+00	1.224132e+00	
1.142000e+02	9.165330e-01	0.000000e+00	0.000000e+00	9.165330e-01	
1.143000e+02	1.067466e+00	0.000000e+00	0.000000e+00	1.067466e+00	
1.144000e+02	2.283532e+00	0.000000e+00	0.000000e+00	2.283532e+00	
1.145000e+02	1.519765e+00	0.000000e+00	0.000000e+00	1.519765e+00	
1.146000e+02	7.585906e-01	0.000000e+00	0.000000e+00	7.585906e-01	
1.147000e+02	1.514604e+00	0.000000e+00	0.000000e+00	1.514604e+00	
1.148000e+02	1.814440e+00	0.000000e+00	0.000000e+00	1.814440e+00	
1.149000e+02	1.358523e+00	0.000000e+00	0.000000e+00	1.358523e+00	
1.150000e+02	9.041476e-01	0.000000e+00	0.000000e+00	9.041476e-01	
1.151000e+02	2.106107e+00	0.000000e+00	0.000000e+00	2.106107e+00	
1.152000e+02	1.201454e+00	0.000000e+00	0.000000e+00	1.201454e+00	
1.153000e+02	7.496397e-01	0.000000e+00	0.000000e+00	7.496397e-01	
1.154000e+02	5.986992e-01	0.000000e+00	0.000000e+00	5.986992e-01	
1.155000e+02	1.195378e+00	0.000000e+00	0.000000e+00	1.195378e+00	
1.156000e+02	1.193363e+00	0.000000e+00	0.000000e+00	1.193363e+00	
1.157000e+02	1.489192e-01	0.000000e+00	0.000000e+00	1.489192e-01	
1.158000e+02	8.920115e-01	0.000000e+00	0.000000e+00	8.920115e-01	
1.159000e+02	1.335768e+00	0.000000e+00	0.000000e+00	1.335768e+00	
1.160000e+02	1.037185e+00	0.000000e+00	0.000000e+00	1.037185e+00	
1.161000e+02	7.396029e-01	0.000000e+00	0.000000e+00	7.396029e-01	
1.162000e+02	8.860348e-01	0.000000e+00	0.000000e+00	8.860348e-01	
1.163000e+02	8.845501e-01	0.000000e+00	0.000000e+00	8.845501e-01	
1.164000e+02	1.471782e+00	0.000000e+00	0.000000e+00	1.471782e+00	
1.165000e+02	1.469320e+00	0.000000e+00	0.000000e+00	1.469320e+00	
1.166000e+02	1.906923e+00	0.000000e+00	0.000000e+00	1.906923e+00	
1.167000e+02	1.464414e+00	0.000000e+00	0.000000e+00	1.464414e+00	
1.168000e+02	1.169576e+00	0.000000e+00	0.000000e+00	1.169576e+00	
1.169000e+02	1.167626e+00	0.000000e+00	0.000000e+00	1.167626e+00	
1.170000e+02	5.828403e-01	0.000000e+00	0.000000e+00	5.828403e-01	
